Time (s),Channel 1 (V),Channel 2 (V)
-2.559828857630009,0.02281478039421765,-0.01376613455083048
-2.559328857630009,0.02281478039421765,-0.01376613455083048
-2.558828857630009,0.02281478039421765,-0.01376613455083048
-2.558328857630009,0.02281478039421765,-0.01376613455083048
-2.557828857630009,0.02281478039421765,-0.01376613455083048
-2.557328857630009,0.02281478039421765,-0.01376613455083048
-2.556828857630009,0.02281478039421765,-0.01376613455083048
-2.556328857630009,0.02281478039421765,-0.01376613455083048
-2.555828857630009,0.02281478039421765,-0.0134376661316159
-2.555328857630009,0.02281478039421765,-0.01376613455083048
-2.554828857630009,0.02281478039421765,-0.01376613455083048
-2.554328857630009,0.02281478039421765,-0.01376613455083048
-2.553828857630009,0.02281478039421765,-0.01376613455083048
-2.553328857630009,0.02281478039421765,-0.01376613455083048
-2.552828857630009,0.02281478039421765,-0.01376613455083048
-2.552328857630009,0.02281478039421765,-0.0134376661316159
-2.551828857630009,0.02281478039421765,-0.01376613455083048
-2.551328857630009,0.02281478039421765,-0.01376613455083048
-2.550828857630009,0.02281478039421765,-0.01376613455083048
-2.550328857630009,0.02281478039421765,-0.01376613455083048
-2.549828857630009,0.02281478039421765,-0.01376613455083048
-2.549328857630009,0.02281478039421765,-0.01376613455083048
-2.548828857630009,0.02281478039421765,-0.01376613455083048
-2.548328857630009,0.02281478039421765,-0.01376613455083048
-2.547828857630009,0.02281478039421765,-0.01376613455083048
-2.547328857630009,0.02281478039421765,-0.0134376661316159
-2.546828857630009,0.02281478039421765,-0.01376613455083048
-2.546328857630009,0.02281478039421765,-0.0134376661316159
-2.545828857630009,0.02281478039421765,-0.01376613455083048
-2.545328857630009,0.02281478039421765,-0.0134376661316159
-2.544828857630009,0.02281478039421765,-0.01376613455083048
-2.544328857630009,0.02281478039421765,-0.01376613455083048
-2.543828857630009,0.02281478039421765,-0.01376613455083048
-2.543328857630009,0.02281478039421765,-0.01376613455083048
-2.542828857630009,0.02281478039421765,-0.01376613455083048
-2.542328857630009,0.02281478039421765,-0.01376613455083048
-2.541828857630009,0.02281478039421765,-0.01376613455083048
-2.541328857630009,0.02281478039421765,-0.01376613455083048
-2.540828857630009,0.02281478039421765,-0.01376613455083048
-2.540328857630009,0.02281478039421765,-0.0134376661316159
-2.539828857630009,0.02281478039421765,-0.01376613455083048
-2.539328857630009,0.02281478039421765,-0.01376613455083048
-2.538828857630009,0.02281478039421765,-0.01376613455083048
-2.538328857630009,0.02281478039421765,-0.0134376661316159
-2.537828857630009,0.02281478039421765,-0.01376613455083048
-2.537328857630009,0.02281478039421765,-0.01376613455083048
-2.536828857630009,0.02281478039421765,-0.0134376661316159
-2.536328857630009,0.02281478039421765,-0.01376613455083048
-2.535828857630009,0.02281478039421765,-0.01376613455083048
-2.535328857630009,0.02281478039421765,-0.01376613455083048
-2.534828857630009,0.02281478039421765,-0.01376613455083048
-2.534328857630009,0.02281478039421765,-0.0134376661316159
-2.533828857630009,0.02281478039421765,-0.01376613455083048
-2.533328857630009,0.02281478039421765,-0.01376613455083048
-2.532828857630009,0.02281478039421765,-0.01376613455083048
-2.532328857630009,0.02281478039421765,-0.0134376661316159
-2.531828857630009,0.02281478039421765,-0.01376613455083048
-2.531328857630009,0.02281478039421765,-0.01376613455083048
-2.530828857630009,0.02281478039421765,-0.0134376661316159
-2.530328857630009,0.02281478039421765,-0.01376613455083048
-2.529828857630009,0.02281478039421765,-0.0134376661316159
-2.529328857630009,0.02281478039421765,-0.01376613455083048
-2.528828857630009,0.02281478039421765,-0.01376613455083048
-2.528328857630009,0.02281478039421765,-0.01376613455083048
-2.527828857630009,0.02281478039421765,-0.01376613455083048
-2.527328857630009,0.02281478039421765,-0.0134376661316159
-2.526828857630009,0.02281478039421765,-0.01376613455083048
-2.526328857630009,0.02281478039421765,-0.01376613455083048
-2.525828857630009,0.02281478039421765,-0.01376613455083048
-2.525328857630009,0.02281478039421765,-0.01376613455083048
-2.524828857630009,0.02281478039421765,-0.01376613455083048
-2.524328857630009,0.02281478039421765,-0.01376613455083048
-2.523828857630009,0.02281478039421765,-0.0134376661316159
-2.523328857630009,0.02281478039421765,-0.01376613455083048
-2.522828857630009,0.02281478039421765,-0.01376613455083048
-2.522328857630009,0.02281478039421765,-0.01376613455083048
-2.521828857630009,0.02281478039421765,-0.01376613455083048
-2.521328857630009,0.02281478039421765,-0.0134376661316159
-2.520828857630009,0.02281478039421765,-0.01376613455083048
-2.520328857630009,0.02281478039421765,-0.01376613455083048
-2.519828857630009,0.02281478039421765,-0.01376613455083048
-2.519328857630009,0.02281478039421765,-0.01376613455083048
-2.518828857630009,0.02281478039421765,-0.0134376661316159
-2.518328857630009,0.02281478039421765,-0.01376613455083048
-2.517828857630009,0.02281478039421765,-0.01376613455083048
-2.517328857630009,0.02281478039421765,-0.01376613455083048
-2.516828857630009,0.02281478039421765,-0.01376613455083048
-2.516328857630009,0.02281478039421765,-0.0134376661316159
-2.515828857630009,0.02281478039421765,-0.01376613455083048
-2.515328857630009,0.02281478039421765,-0.01376613455083048
-2.514828857630009,0.02281478039421765,-0.01376613455083048
-2.514328857630009,0.02281478039421765,-0.0134376661316159
-2.513828857630009,0.02281478039421765,-0.01376613455083048
-2.513328857630009,0.02281478039421765,-0.01376613455083048
-2.512828857630009,0.02281478039421765,-0.0134376661316159
-2.512328857630009,0.02281478039421765,-0.01376613455083048
-2.511828857630009,0.02281478039421765,-0.0134376661316159
-2.511328857630009,0.02281478039421765,-0.01376613455083048
-2.510828857630009,0.02281478039421765,-0.01376613455083048
-2.510328857630009,0.02281478039421765,-0.01376613455083048
-2.509828857630009,0.02281478039421765,-0.01376613455083048
-2.509328857630009,0.02281478039421765,-0.01376613455083048
-2.508828857630009,0.02281478039421765,-0.01376613455083048
-2.508328857630009,0.02281478039421765,-0.01376613455083048
-2.507828857630009,0.02281478039421765,-0.0134376661316159
-2.507328857630009,0.02281478039421765,-0.01376613455083048
-2.506828857630009,0.02281478039421765,-0.0134376661316159
-2.506328857630009,0.02281478039421765,-0.01376613455083048
-2.505828857630009,0.02281478039421765,-0.01376613455083048
-2.505328857630009,0.02281478039421765,-0.0134376661316159
-2.504828857630009,0.02281478039421765,-0.01376613455083048
-2.504328857630009,0.02281478039421765,-0.0134376661316159
-2.503828857630009,0.02281478039421765,-0.01376613455083048
-2.503328857630009,0.02281478039421765,-0.01376613455083048
-2.502828857630009,0.02281478039421765,-0.0134376661316159
-2.502328857630009,0.02281478039421765,-0.01376613455083048
-2.501828857630009,0.02281478039421765,-0.01376613455083048
-2.501328857630009,0.02281478039421765,-0.01376613455083048
-2.500828857630009,0.02281478039421765,-0.0134376661316159
-2.500328857630009,0.02281478039421765,-0.01376613455083048
-2.499828857630009,0.02281478039421765,-0.0134376661316159
-2.499328857630009,0.02281478039421765,-0.01376613455083048
-2.498828857630009,0.02281478039421765,-0.01376613455083048
-2.498328857630009,0.02281478039421765,-0.0134376661316159
-2.497828857630009,0.02281478039421765,-0.01376613455083048
-2.497328857630009,0.02281478039421765,-0.0134376661316159
-2.496828857630009,0.02281478039421765,-0.01376613455083048
-2.496328857630009,0.02281478039421765,-0.0134376661316159
-2.495828857630009,0.02281478039421765,-0.01376613455083048
-2.495328857630009,0.02281478039421765,-0.01376613455083048
-2.494828857630009,0.02281478039421765,-0.0134376661316159
-2.494328857630009,0.02281478039421765,-0.01376613455083048
-2.493828857630009,0.02281478039421765,-0.0134376661316159
-2.493328857630009,0.02281478039421765,-0.01376613455083048
-2.492828857630009,0.02281478039421765,-0.01376613455083048
-2.492328857630009,0.02281478039421765,-0.01376613455083048
-2.491828857630009,0.02281478039421765,-0.01376613455083048
-2.491328857630009,0.02281478039421765,-0.0134376661316159
-2.490828857630009,0.02281478039421765,-0.01376613455083048
-2.490328857630009,0.02281478039421765,-0.01376613455083048
-2.489828857630009,0.02281478039421765,-0.01376613455083048
-2.489328857630009,0.02281478039421765,-0.01376613455083048
-2.488828857630009,0.02281478039421765,-0.0134376661316159
-2.488328857630009,0.02281478039421765,-0.01376613455083048
-2.487828857630009,0.02281478039421765,-0.0134376661316159
-2.487328857630009,0.02281478039421765,-0.01376613455083048
-2.486828857630009,0.02281478039421765,-0.01376613455083048
-2.486328857630009,0.02281478039421765,-0.0134376661316159
-2.485828857630009,0.02281478039421765,-0.01376613455083048
-2.485328857630009,0.02281478039421765,-0.0134376661316159
-2.484828857630009,0.02281478039421765,-0.01376613455083048
-2.484328857630009,0.02281478039421765,-0.0134376661316159
-2.483828857630009,0.02281478039421765,-0.01376613455083048
-2.483328857630009,0.02281478039421765,-0.0134376661316159
-2.482828857630009,0.02281478039421765,-0.01376613455083048
-2.482328857630009,0.02281478039421765,-0.01376613455083048
-2.481828857630009,0.02281478039421765,-0.01376613455083048
-2.481328857630009,0.02281478039421765,-0.01376613455083048
-2.480828857630009,0.02281478039421765,-0.01376613455083048
-2.480328857630009,0.02281478039421765,-0.01376613455083048
-2.479828857630009,0.02281478039421765,-0.0134376661316159
-2.479328857630009,0.02281478039421765,-0.01376613455083048
-2.478828857630009,0.02281478039421765,-0.01376613455083048
-2.478328857630009,0.02281478039421765,-0.01376613455083048
-2.477828857630009,0.02281478039421765,-0.01376613455083048
-2.477328857630009,0.02281478039421765,-0.01376613455083048
-2.476828857630009,0.02281478039421765,-0.01376613455083048
-2.476328857630009,0.02281478039421765,-0.01376613455083048
-2.475828857630009,0.02281478039421765,-0.0134376661316159
-2.475328857630009,0.02281478039421765,-0.01376613455083048
-2.474828857630009,0.02281478039421765,-0.0134376661316159
-2.474328857630009,0.02281478039421765,-0.01376613455083048
-2.473828857630009,0.02281478039421765,-0.01376613455083048
-2.473328857630009,0.02281478039421765,-0.01376613455083048
-2.472828857630009,0.02281478039421765,-0.01376613455083048
-2.472328857630009,0.02281478039421765,-0.0134376661316159
-2.471828857630009,0.02281478039421765,-0.01376613455083048
-2.471328857630009,0.02281478039421765,-0.01376613455083048
-2.470828857630009,0.02281478039421765,-0.0134376661316159
-2.470328857630009,0.02281478039421765,-0.01376613455083048
-2.469828857630009,0.02281478039421765,-0.0134376661316159
-2.469328857630009,0.02281478039421765,-0.01376613455083048
-2.468828857630009,0.02281478039421765,-0.0134376661316159
-2.468328857630009,0.02281478039421765,-0.01376613455083048
-2.467828857630009,0.02281478039421765,-0.0134376661316159
-2.467328857630009,0.02281478039421765,-0.01376613455083048
-2.466828857630009,0.02281478039421765,-0.01376613455083048
-2.466328857630009,0.02281478039421765,-0.01376613455083048
-2.465828857630009,0.02281478039421765,-0.0134376661316159
-2.465328857630009,0.02281478039421765,-0.01376613455083048
-2.464828857630009,0.02281478039421765,-0.01376613455083048
-2.464328857630009,0.02281478039421765,-0.01376613455083048
-2.463828857630009,0.02281478039421765,-0.01376613455083048
-2.463328857630009,0.02281478039421765,-0.01376613455083048
-2.462828857630009,0.02281478039421765,-0.01376613455083048
-2.462328857630009,0.02281478039421765,-0.01376613455083048
-2.461828857630009,0.02281478039421765,-0.01376613455083048
-2.461328857630009,0.02281478039421765,-0.01376613455083048
-2.460828857630009,0.02281478039421765,-0.01376613455083048
-2.460328857630009,0.02281478039421765,-0.01376613455083048
-2.459828857630009,0.02281478039421765,-0.01376613455083048
-2.459328857630009,0.02281478039421765,-0.01376613455083048
-2.458828857630009,0.02281478039421765,-0.01376613455083048
-2.458328857630009,0.02281478039421765,-0.01376613455083048
-2.457828857630009,0.02281478039421765,-0.01376613455083048
-2.457328857630009,0.02281478039421765,-0.01376613455083048
-2.456828857630009,0.02281478039421765,-0.01376613455083048
-2.456328857630009,0.02281478039421765,-0.01376613455083048
-2.455828857630009,0.02281478039421765,-0.01376613455083048
-2.455328857630009,0.02281478039421765,-0.01376613455083048
-2.454828857630009,0.02281478039421765,-0.01376613455083048
-2.454328857630009,0.02281478039421765,-0.01376613455083048
-2.453828857630009,0.02281478039421765,-0.01376613455083048
-2.453328857630009,0.02281478039421765,-0.01376613455083048
-2.452828857630009,0.02281478039421765,-0.01376613455083048
-2.452328857630009,0.02281478039421765,-0.01376613455083048
-2.451828857630009,0.02281478039421765,-0.01376613455083048
-2.451328857630009,0.02281478039421765,-0.01376613455083048
-2.450828857630009,0.02281478039421765,-0.01376613455083048
-2.450328857630009,0.02281478039421765,-0.01376613455083048
-2.449828857630009,0.02281478039421765,-0.01376613455083048
-2.449328857630009,0.02281478039421765,-0.01376613455083048
-2.448828857630009,0.02281478039421765,-0.01376613455083048
-2.448328857630009,0.02281478039421765,-0.01376613455083048
-2.447828857630009,0.02281478039421765,-0.01376613455083048
-2.447328857630009,0.02281478039421765,-0.01376613455083048
-2.446828857630009,0.02281478039421765,-0.01376613455083048
-2.446328857630009,0.02281478039421765,-0.0134376661316159
-2.445828857630009,0.02281478039421765,-0.01376613455083048
-2.445328857630009,0.02281478039421765,-0.01376613455083048
-2.444828857630009,0.02281478039421765,-0.01376613455083048
-2.444328857630009,0.02281478039421765,-0.01376613455083048
-2.443828857630009,0.02281478039421765,-0.01376613455083048
-2.443328857630009,0.02281478039421765,-0.01376613455083048
-2.442828857630009,0.02281478039421765,-0.01376613455083048
-2.442328857630009,0.02281478039421765,-0.01376613455083048
-2.441828857630009,0.02281478039421765,-0.01376613455083048
-2.441328857630009,0.02281478039421765,-0.01376613455083048
-2.440828857630009,0.02281478039421765,-0.01376613455083048
-2.440328857630009,0.02281478039421765,-0.01376613455083048
-2.439828857630009,0.02281478039421765,-0.01376613455083048
-2.439328857630009,0.02281478039421765,-0.01376613455083048
-2.438828857630009,0.02281478039421765,-0.01376613455083048
-2.438328857630009,0.02281478039421765,-0.01376613455083048
-2.437828857630009,0.02281478039421765,-0.01376613455083048
-2.437328857630009,0.02281478039421765,-0.01376613455083048
-2.436828857630009,0.02281478039421765,-0.01376613455083048
-2.436328857630009,0.02281478039421765,-0.01376613455083048
-2.435828857630009,0.02281478039421765,-0.01376613455083048
-2.435328857630009,0.02281478039421765,-0.01376613455083048
-2.434828857630009,0.02281478039421765,-0.01376613455083048
-2.434328857630009,0.02281478039421765,-0.01376613455083048
-2.433828857630009,0.02281478039421765,-0.01376613455083048
-2.433328857630009,0.02281478039421765,-0.01376613455083048
-2.432828857630009,0.02281478039421765,-0.01376613455083048
-2.432328857630009,0.02281478039421765,-0.01376613455083048
-2.431828857630009,0.02281478039421765,-0.01376613455083048
-2.431328857630009,0.02281478039421765,-0.01376613455083048
-2.430828857630009,0.02281478039421765,-0.01376613455083048
-2.430328857630009,0.02281478039421765,-0.01376613455083048
-2.429828857630009,0.02281478039421765,-0.01376613455083048
-2.429328857630009,0.02281478039421765,-0.01376613455083048
-2.428828857630009,0.02281478039421765,-0.01376613455083048
-2.428328857630009,0.02281478039421765,-0.01376613455083048
-2.427828857630009,0.02281478039421765,-0.01376613455083048
-2.427328857630009,0.02281478039421765,-0.01376613455083048
-2.426828857630009,0.02281478039421765,-0.01376613455083048
-2.426328857630009,0.02281478039421765,-0.01376613455083048
-2.425828857630009,0.02281478039421765,-0.01376613455083048
-2.425328857630009,0.02281478039421765,-0.01376613455083048
-2.424828857630009,0.02281478039421765,-0.01376613455083048
-2.424328857630009,0.02281478039421765,-0.01376613455083048
-2.423828857630009,0.02281478039421765,-0.01376613455083048
-2.423328857630009,0.02281478039421765,-0.01376613455083048
-2.422828857630009,0.02281478039421765,-0.0134376661316159
-2.422328857630009,0.02281478039421765,-0.01376613455083048
-2.421828857630009,0.02281478039421765,-0.01376613455083048
-2.421328857630009,0.02281478039421765,-0.01376613455083048
-2.420828857630009,0.02281478039421765,-0.01376613455083048
-2.420328857630009,0.02281478039421765,-0.01376613455083048
-2.419828857630009,0.02281478039421765,-0.01376613455083048
-2.419328857630009,0.02281478039421765,-0.01376613455083048
-2.418828857630009,0.02281478039421765,-0.01376613455083048
-2.418328857630009,0.02281478039421765,-0.01376613455083048
-2.417828857630009,0.02281478039421765,-0.0134376661316159
-2.417328857630009,0.02281478039421765,-0.01376613455083048
-2.416828857630009,0.02281478039421765,-0.01376613455083048
-2.416328857630009,0.02281478039421765,-0.01376613455083048
-2.415828857630009,0.02281478039421765,-0.01376613455083048
-2.415328857630009,0.02281478039421765,-0.0134376661316159
-2.414828857630009,0.02281478039421765,-0.01376613455083048
-2.414328857630009,0.02281478039421765,-0.01376613455083048
-2.413828857630009,0.02281478039421765,-0.0134376661316159
-2.413328857630009,0.02281478039421765,-0.01376613455083048
-2.412828857630009,0.02281478039421765,-0.01376613455083048
-2.412328857630009,0.02281478039421765,-0.0134376661316159
-2.411828857630009,0.02281478039421765,-0.01376613455083048
-2.411328857630009,0.02281478039421765,-0.01376613455083048
-2.410828857630009,0.02281478039421765,-0.0134376661316159
-2.410328857630009,0.02281478039421765,-0.01376613455083048
-2.409828857630009,0.02281478039421765,-0.0134376661316159
-2.409328857630009,0.02281478039421765,-0.01376613455083048
-2.408828857630009,0.02281478039421765,-0.01376613455083048
-2.408328857630009,0.02281478039421765,-0.0134376661316159
-2.407828857630009,0.02281478039421765,-0.01376613455083048
-2.407328857630009,0.02281478039421765,-0.01376613455083048
-2.406828857630009,0.02281478039421765,-0.0134376661316159
-2.406328857630009,0.02281478039421765,-0.01376613455083048
-2.405828857630009,0.02281478039421765,-0.01376613455083048
-2.405328857630009,0.02281478039421765,-0.0134376661316159
-2.404828857630009,0.02281478039421765,-0.01376613455083048
-2.404328857630009,0.02281478039421765,-0.0134376661316159
-2.403828857630009,0.02281478039421765,-0.01376613455083048
-2.403328857630009,0.02281478039421765,-0.01376613455083048
-2.402828857630009,0.02281478039421765,-0.01376613455083048
-2.402328857630009,0.02281478039421765,-0.01376613455083048
-2.401828857630009,0.02281478039421765,-0.01376613455083048
-2.401328857630009,0.02281478039421765,-0.01376613455083048
-2.400828857630009,0.02281478039421765,-0.01376613455083048
-2.400328857630009,0.02281478039421765,-0.01376613455083048
-2.399828857630009,0.02281478039421765,-0.01376613455083048
-2.399328857630009,0.02281478039421765,-0.0134376661316159
-2.398828857630009,0.02281478039421765,-0.0134376661316159
-2.398328857630009,0.02281478039421765,-0.0134376661316159
-2.397828857630009,0.02281478039421765,-0.0134376661316159
-2.397328857630009,0.02281478039421765,-0.01376613455083048
-2.396828857630009,0.02281478039421765,-0.0134376661316159
-2.396328857630009,0.02281478039421765,-0.01376613455083048
-2.395828857630009,0.02281478039421765,-0.0134376661316159
-2.395328857630009,0.02281478039421765,-0.01376613455083048
-2.394828857630009,0.02281478039421765,-0.01376613455083048
-2.394328857630009,0.02281478039421765,-0.0134376661316159
-2.393828857630009,0.02281478039421765,-0.01376613455083048
-2.393328857630009,0.02281478039421765,-0.01376613455083048
-2.392828857630009,0.02281478039421765,-0.01376613455083048
-2.392328857630009,0.02281478039421765,-0.01376613455083048
-2.391828857630009,0.02281478039421765,-0.01376613455083048
-2.391328857630009,0.02281478039421765,-0.0134376661316159
-2.390828857630009,0.02281478039421765,-0.01376613455083048
-2.390328857630009,0.02281478039421765,-0.0134376661316159
-2.389828857630009,0.02281478039421765,-0.0134376661316159
-2.389328857630009,0.02281478039421765,-0.01376613455083048
-2.388828857630009,0.02281478039421765,-0.01376613455083048
-2.388328857630009,0.02281478039421765,-0.0134376661316159
-2.387828857630009,0.02281478039421765,-0.01376613455083048
-2.387328857630009,0.02281478039421765,-0.0134376661316159
-2.386828857630009,0.02281478039421765,-0.01376613455083048
-2.386328857630009,0.02281478039421765,-0.0134376661316159
-2.385828857630009,0.02281478039421765,-0.01376613455083048
-2.385328857630009,0.02281478039421765,-0.0134376661316159
-2.384828857630009,0.02281478039421765,-0.01376613455083048
-2.384328857630009,0.02281478039421765,-0.0134376661316159
-2.383828857630009,0.02281478039421765,-0.01376613455083048
-2.383328857630009,0.02281478039421765,-0.01376613455083048
-2.382828857630009,0.02281478039421765,-0.01376613455083048
-2.382328857630009,0.02281478039421765,-0.01376613455083048
-2.381828857630009,0.02281478039421765,-0.0134376661316159
-2.381328857630009,0.02281478039421765,-0.01376613455083048
-2.380828857630009,0.02281478039421765,-0.01376613455083048
-2.380328857630009,0.02281478039421765,-0.0134376661316159
-2.379828857630009,0.02281478039421765,-0.01376613455083048
-2.379328857630009,0.02281478039421765,-0.0134376661316159
-2.378828857630009,0.02281478039421765,-0.01376613455083048
-2.378328857630009,0.02281478039421765,-0.01376613455083048
-2.377828857630009,0.02281478039421765,-0.0134376661316159
-2.377328857630009,0.02281478039421765,-0.01376613455083048
-2.376828857630009,0.02281478039421765,-0.01376613455083048
-2.376328857630009,0.02281478039421765,-0.01376613455083048
-2.375828857630009,0.02281478039421765,-0.0134376661316159
-2.375328857630009,0.02281478039421765,-0.01376613455083048
-2.374828857630009,0.02281478039421765,-0.0134376661316159
-2.374328857630009,0.02281478039421765,-0.01376613455083048
-2.373828857630009,0.02281478039421765,-0.0134376661316159
-2.373328857630009,0.02281478039421765,-0.01376613455083048
-2.372828857630009,0.02281478039421765,-0.0134376661316159
-2.372328857630009,0.02281478039421765,-0.01376613455083048
-2.371828857630009,0.02281478039421765,-0.0134376661316159
-2.371328857630009,0.02281478039421765,-0.01376613455083048
-2.370828857630009,0.02281478039421765,-0.0134376661316159
-2.370328857630009,0.02281478039421765,-0.01376613455083048
-2.369828857630009,0.02281478039421765,-0.0134376661316159
-2.369328857630009,0.02281478039421765,-0.01376613455083048
-2.368828857630009,0.02281478039421765,-0.01376613455083048
-2.368328857630009,0.02281478039421765,-0.0134376661316159
-2.367828857630009,0.02281478039421765,-0.01376613455083048
-2.367328857630009,0.02281478039421765,-0.01376613455083048
-2.366828857630009,0.02281478039421765,-0.0134376661316159
-2.366328857630009,0.02281478039421765,-0.01376613455083048
-2.365828857630009,0.02281478039421765,-0.0134376661316159
-2.365328857630009,0.02281478039421765,-0.01376613455083048
-2.364828857630009,0.02281478039421765,-0.01376613455083048
-2.364328857630009,0.02281478039421765,-0.01376613455083048
-2.363828857630009,0.02281478039421765,-0.01376613455083048
-2.363328857630009,0.02281478039421765,-0.0134376661316159
-2.362828857630009,0.02281478039421765,-0.01376613455083048
-2.362328857630009,0.02281478039421765,-0.0134376661316159
-2.361828857630009,0.02281478039421765,-0.01376613455083048
-2.361328857630009,0.02281478039421765,-0.01376613455083048
-2.360828857630009,0.02281478039421765,-0.0134376661316159
-2.360328857630009,0.02281478039421765,-0.01376613455083048
-2.359828857630009,0.02281478039421765,-0.01376613455083048
-2.359328857630009,0.02281478039421765,-0.01376613455083048
-2.358828857630009,0.02281478039421765,-0.01376613455083048
-2.358328857630009,0.02281478039421765,-0.0134376661316159
-2.357828857630009,0.02281478039421765,-0.01376613455083048
-2.357328857630009,0.02281478039421765,-0.0134376661316159
-2.356828857630009,0.02281478039421765,-0.01376613455083048
-2.356328857630009,0.02281478039421765,-0.0134376661316159
-2.355828857630009,0.02281478039421765,-0.01376613455083048
-2.355328857630009,0.02281478039421765,-0.0134376661316159
-2.354828857630009,0.02281478039421765,-0.01376613455083048
-2.354328857630009,0.02281478039421765,-0.01376613455083048
-2.353828857630009,0.02281478039421765,-0.0134376661316159
-2.353328857630009,0.02281478039421765,-0.01376613455083048
-2.352828857630009,0.02281478039421765,-0.01376613455083048
-2.352328857630009,0.02281478039421765,-0.01376613455083048
-2.351828857630009,0.02281478039421765,-0.01376613455083048
-2.351328857630009,0.02281478039421765,-0.0134376661316159
-2.350828857630009,0.02281478039421765,-0.0134376661316159
-2.350328857630009,0.02281478039421765,-0.01376613455083048
-2.349828857630009,0.02281478039421765,-0.01376613455083048
-2.349328857630009,0.02281478039421765,-0.0134376661316159
-2.348828857630009,0.02281478039421765,-0.01376613455083048
-2.348328857630009,0.02281478039421765,-0.0134376661316159
-2.347828857630009,0.02281478039421765,-0.01376613455083048
-2.347328857630009,0.02281478039421765,-0.01376613455083048
-2.346828857630009,0.02281478039421765,-0.01376613455083048
-2.346328857630009,0.02281478039421765,-0.01376613455083048
-2.345828857630009,0.02281478039421765,-0.0134376661316159
-2.345328857630009,0.02281478039421765,-0.01376613455083048
-2.344828857630009,0.02281478039421765,-0.0134376661316159
-2.344328857630009,0.02281478039421765,-0.01376613455083048
-2.343828857630009,0.02281478039421765,-0.0134376661316159
-2.343328857630009,0.02281478039421765,-0.01376613455083048
-2.342828857630009,0.02281478039421765,-0.0134376661316159
-2.342328857630009,0.02281478039421765,-0.01376613455083048
-2.341828857630009,0.02281478039421765,-0.01376613455083048
-2.341328857630009,0.02281478039421765,-0.0134376661316159
-2.340828857630009,0.02281478039421765,-0.01376613455083048
-2.340328857630009,0.02281478039421765,-0.0134376661316159
-2.339828857630009,0.02281478039421765,-0.01376613455083048
-2.339328857630009,0.02281478039421765,-0.01376613455083048
-2.338828857630009,0.02281478039421765,-0.0134376661316159
-2.338328857630009,0.02281478039421765,-0.01376613455083048
-2.337828857630009,0.02281478039421765,-0.0134376661316159
-2.337328857630009,0.02281478039421765,-0.0134376661316159
-2.336828857630009,0.02281478039421765,-0.01376613455083048
-2.336328857630009,0.02281478039421765,-0.0134376661316159
-2.335828857630009,0.02281478039421765,-0.0134376661316159
-2.335328857630009,0.02281478039421765,-0.0134376661316159
-2.334828857630009,0.02281478039421765,-0.0134376661316159
-2.334328857630009,0.02281478039421765,-0.01376613455083048
-2.333828857630009,0.02281478039421765,-0.0134376661316159
-2.333328857630009,0.02281478039421765,-0.0134376661316159
-2.332828857630009,0.02281478039421765,-0.01376613455083048
-2.332328857630009,0.02281478039421765,-0.0134376661316159
-2.331828857630009,0.02281478039421765,-0.01376613455083048
-2.331328857630009,0.02281478039421765,-0.0134376661316159
-2.330828857630009,0.02281478039421765,-0.0134376661316159
-2.330328857630009,0.02281478039421765,-0.0134376661316159
-2.329828857630009,0.02281478039421765,-0.0134376661316159
-2.329328857630009,0.02281478039421765,-0.0134376661316159
-2.328828857630009,0.02281478039421765,-0.0134376661316159
-2.328328857630009,0.02281478039421765,-0.01376613455083048
-2.327828857630009,0.02281478039421765,-0.0134376661316159
-2.327328857630009,0.02281478039421765,-0.01376613455083048
-2.326828857630009,0.02281478039421765,-0.0134376661316159
-2.326328857630009,0.02281478039421765,-0.0134376661316159
-2.325828857630009,0.02281478039421765,-0.01376613455083048
-2.325328857630009,0.02281478039421765,-0.0134376661316159
-2.324828857630009,0.02281478039421765,-0.01376613455083048
-2.324328857630009,0.02281478039421765,-0.0134376661316159
-2.323828857630009,0.02281478039421765,-0.01376613455083048
-2.323328857630009,0.02281478039421765,-0.01376613455083048
-2.322828857630009,0.02281478039421765,-0.0134376661316159
-2.322328857630009,0.02281478039421765,-0.0134376661316159
-2.321828857630009,0.02281478039421765,-0.0134376661316159
-2.321328857630009,0.02281478039421765,-0.01376613455083048
-2.320828857630009,0.02281478039421765,-0.01376613455083048
-2.320328857630009,0.02281478039421765,-0.01376613455083048
-2.319828857630009,0.02281478039421765,-0.01376613455083048
-2.319328857630009,0.02281478039421765,-0.0134376661316159
-2.318828857630009,0.02281478039421765,-0.0134376661316159
-2.318328857630009,0.02281478039421765,-0.0134376661316159
-2.317828857630009,0.02281478039421765,-0.01376613455083048
-2.317328857630009,0.02281478039421765,-0.0134376661316159
-2.316828857630009,0.02281478039421765,-0.01376613455083048
-2.316328857630009,0.02281478039421765,-0.0134376661316159
-2.315828857630009,0.02281478039421765,-0.0134376661316159
-2.315328857630009,0.02281478039421765,-0.01376613455083048
-2.314828857630009,0.02281478039421765,-0.0134376661316159
-2.314328857630009,0.02281478039421765,-0.01376613455083048
-2.313828857630009,0.02281478039421765,-0.01376613455083048
-2.313328857630009,0.02281478039421765,-0.0134376661316159
-2.312828857630009,0.02281478039421765,-0.01376613455083048
-2.312328857630009,0.02281478039421765,-0.01376613455083048
-2.311828857630009,0.02281478039421765,-0.01376613455083048
-2.311328857630009,0.02281478039421765,-0.0134376661316159
-2.310828857630009,0.02281478039421765,-0.01376613455083048
-2.310328857630009,0.02281478039421765,-0.0134376661316159
-2.309828857630009,0.02281478039421765,-0.0134376661316159
-2.309328857630009,0.02281478039421765,-0.01376613455083048
-2.308828857630009,0.02281478039421765,-0.0134376661316159
-2.308328857630009,0.02281478039421765,-0.01376613455083048
-2.307828857630009,0.02281478039421765,-0.0134376661316159
-2.307328857630009,0.02281478039421765,-0.01376613455083048
-2.306828857630009,0.02281478039421765,-0.01376613455083048
-2.306328857630009,0.02281478039421765,-0.0134376661316159
-2.305828857630009,0.02281478039421765,-0.01376613455083048
-2.305328857630009,0.02281478039421765,-0.0134376661316159
-2.304828857630009,0.02281478039421765,-0.01376613455083048
-2.304328857630009,0.02281478039421765,-0.0134376661316159
-2.303828857630009,0.02281478039421765,-0.01376613455083048
-2.303328857630009,0.02281478039421765,-0.01376613455083048
-2.302828857630009,0.02281478039421765,-0.0134376661316159
-2.302328857630009,0.02281478039421765,-0.01376613455083048
-2.301828857630009,0.02281478039421765,-0.0134376661316159
-2.301328857630009,0.02281478039421765,-0.01376613455083048
-2.300828857630009,0.02281478039421765,-0.01376613455083048
-2.300328857630009,0.02281478039421765,-0.01376613455083048
-2.299828857630009,0.02281478039421765,-0.01376613455083048
-2.299328857630009,0.02281478039421765,-0.0134376661316159
-2.298828857630009,0.02281478039421765,-0.01376613455083048
-2.298328857630009,0.02281478039421765,-0.0134376661316159
-2.297828857630009,0.02281478039421765,-0.01376613455083048
-2.297328857630009,0.02281478039421765,-0.01376613455083048
-2.296828857630009,0.02281478039421765,-0.01376613455083048
-2.296328857630009,0.02281478039421765,-0.01376613455083048
-2.295828857630009,0.02281478039421765,-0.0134376661316159
-2.295328857630009,0.02281478039421765,-0.01376613455083048
-2.294828857630009,0.02281478039421765,-0.01376613455083048
-2.294328857630009,0.02281478039421765,-0.01376613455083048
-2.293828857630009,0.02281478039421765,-0.01376613455083048
-2.293328857630009,0.02281478039421765,-0.01376613455083048
-2.292828857630009,0.02281478039421765,-0.01376613455083048
-2.292328857630009,0.02281478039421765,-0.0134376661316159
-2.291828857630009,0.02281478039421765,-0.01376613455083048
-2.291328857630009,0.02281478039421765,-0.0134376661316159
-2.290828857630009,0.02281478039421765,-0.01376613455083048
-2.290328857630009,0.02281478039421765,-0.01376613455083048
-2.289828857630009,0.02281478039421765,-0.01376613455083048
-2.289328857630009,0.02281478039421765,-0.01376613455083048
-2.288828857630009,0.02281478039421765,-0.0134376661316159
-2.288328857630009,0.02281478039421765,-0.01376613455083048
-2.287828857630009,0.02281478039421765,-0.0134376661316159
-2.287328857630009,0.02281478039421765,-0.0134376661316159
-2.286828857630009,0.02281478039421765,-0.01376613455083048
-2.286328857630009,0.02281478039421765,-0.0134376661316159
-2.285828857630009,0.02281478039421765,-0.01376613455083048
-2.285328857630009,0.02281478039421765,-0.0134376661316159
-2.284828857630009,0.02281478039421765,-0.01376613455083048
-2.284328857630009,0.02281478039421765,-0.01376613455083048
-2.283828857630009,0.02281478039421765,-0.0134376661316159
-2.283328857630009,0.02281478039421765,-0.01376613455083048
-2.282828857630009,0.02281478039421765,-0.01376613455083048
-2.282328857630009,0.02281478039421765,-0.0134376661316159
-2.281828857630009,0.02281478039421765,-0.01376613455083048
-2.281328857630009,0.02281478039421765,-0.0134376661316159
-2.280828857630009,0.02281478039421765,-0.01376613455083048
-2.280328857630009,0.02281478039421765,-0.0134376661316159
-2.279828857630009,0.02281478039421765,-0.01376613455083048
-2.279328857630009,0.02281478039421765,-0.0134376661316159
-2.278828857630009,0.02281478039421765,-0.01376613455083048
-2.278328857630009,0.02281478039421765,-0.0134376661316159
-2.277828857630009,0.02281478039421765,-0.01376613455083048
-2.277328857630009,0.02281478039421765,-0.0134376661316159
-2.276828857630009,0.02281478039421765,-0.01376613455083048
-2.276328857630009,0.02281478039421765,-0.0134376661316159
-2.275828857630009,0.02281478039421765,-0.01376613455083048
-2.275328857630009,0.02281478039421765,-0.0134376661316159
-2.274828857630009,0.02281478039421765,-0.01376613455083048
-2.274328857630009,0.02281478039421765,-0.0134376661316159
-2.273828857630009,0.02281478039421765,-0.0134376661316159
-2.273328857630009,0.02281478039421765,-0.01376613455083048
-2.272828857630009,0.02281478039421765,-0.0134376661316159
-2.272328857630009,0.02281478039421765,-0.0134376661316159
-2.271828857630009,0.02281478039421765,-0.01376613455083048
-2.271328857630009,0.02281478039421765,-0.0134376661316159
-2.270828857630009,0.02281478039421765,-0.01376613455083048
-2.270328857630009,0.02281478039421765,-0.0134376661316159
-2.269828857630009,0.02281478039421765,-0.01376613455083048
-2.269328857630009,0.02281478039421765,-0.0134376661316159
-2.268828857630009,0.02281478039421765,-0.01376613455083048
-2.268328857630009,0.02281478039421765,-0.0134376661316159
-2.267828857630009,0.02281478039421765,-0.01376613455083048
-2.267328857630009,0.02281478039421765,-0.0134376661316159
-2.266828857630009,0.02281478039421765,-0.01376613455083048
-2.266328857630009,0.02281478039421765,-0.0134376661316159
-2.265828857630009,0.02281478039421765,-0.01376613455083048
-2.265328857630009,0.02281478039421765,-0.0134376661316159
-2.264828857630009,0.02281478039421765,-0.01376613455083048
-2.264328857630009,0.02281478039421765,-0.0134376661316159
-2.263828857630009,0.02281478039421765,-0.01376613455083048
-2.263328857630009,0.02281478039421765,-0.0134376661316159
-2.262828857630009,0.02281478039421765,-0.01376613455083048
-2.262328857630009,0.02281478039421765,-0.01376613455083048
-2.261828857630009,0.02281478039421765,-0.0134376661316159
-2.261328857630009,0.02281478039421765,-0.01376613455083048
-2.260828857630009,0.02281478039421765,-0.0134376661316159
-2.260328857630009,0.02281478039421765,-0.01376613455083048
-2.259828857630009,0.02281478039421765,-0.01376613455083048
-2.259328857630009,0.02281478039421765,-0.01376613455083048
-2.258828857630009,0.02281478039421765,-0.01376613455083048
-2.258328857630009,0.02281478039421765,-0.01376613455083048
-2.257828857630009,0.02281478039421765,-0.01376613455083048
-2.257328857630009,0.02281478039421765,-0.01376613455083048
-2.256828857630009,0.02281478039421765,-0.0134376661316159
-2.256328857630009,0.02281478039421765,-0.01376613455083048
-2.255828857630009,0.02281478039421765,-0.0134376661316159
-2.255328857630009,0.02281478039421765,-0.01376613455083048
-2.254828857630009,0.02281478039421765,-0.0134376661316159
-2.254328857630009,0.02281478039421765,-0.01376613455083048
-2.253828857630009,0.02281478039421765,-0.01376613455083048
-2.253328857630009,0.02281478039421765,-0.01376613455083048
-2.252828857630009,0.02281478039421765,-0.01376613455083048
-2.252328857630009,0.02281478039421765,-0.0134376661316159
-2.251828857630009,0.02281478039421765,-0.01376613455083048
-2.251328857630009,0.02281478039421765,-0.01376613455083048
-2.250828857630009,0.02281478039421765,-0.01376613455083048
-2.250328857630009,0.02281478039421765,-0.01376613455083048
-2.249828857630009,0.02281478039421765,-0.0134376661316159
-2.249328857630009,0.02281478039421765,-0.01376613455083048
-2.248828857630009,0.02281478039421765,-0.0134376661316159
-2.248328857630009,0.02281478039421765,-0.01376613455083048
-2.247828857630009,0.02281478039421765,-0.0134376661316159
-2.247328857630009,0.02281478039421765,-0.01376613455083048
-2.246828857630009,0.02281478039421765,-0.0134376661316159
-2.246328857630009,0.02281478039421765,-0.01376613455083048
-2.245828857630009,0.02281478039421765,-0.01376613455083048
-2.245328857630009,0.02281478039421765,-0.01376613455083048
-2.244828857630009,0.02281478039421765,-0.0134376661316159
-2.244328857630009,0.02281478039421765,-0.01376613455083048
-2.243828857630009,0.02281478039421765,-0.01376613455083048
-2.243328857630009,0.02281478039421765,-0.01376613455083048
-2.242828857630009,0.02281478039421765,-0.01376613455083048
-2.242328857630009,0.02281478039421765,-0.01376613455083048
-2.241828857630009,0.02281478039421765,-0.0134376661316159
-2.241328857630009,0.02281478039421765,-0.01376613455083048
-2.240828857630009,0.02281478039421765,-0.0134376661316159
-2.240328857630009,0.02281478039421765,-0.01376613455083048
-2.239828857630009,0.02281478039421765,-0.0134376661316159
-2.239328857630009,0.02281478039421765,-0.01376613455083048
-2.238828857630009,0.02281478039421765,-0.01376613455083048
-2.238328857630009,0.02281478039421765,-0.01376613455083048
-2.237828857630009,0.02281478039421765,-0.01376613455083048
-2.237328857630009,0.02281478039421765,-0.01376613455083048
-2.236828857630009,0.02281478039421765,-0.01376613455083048
-2.236328857630009,0.02281478039421765,-0.01376613455083048
-2.235828857630009,0.02281478039421765,-0.01376613455083048
-2.235328857630009,0.02281478039421765,-0.01376613455083048
-2.234828857630009,0.02281478039421765,-0.01376613455083048
-2.234328857630009,0.02281478039421765,-0.0134376661316159
-2.233828857630009,0.02281478039421765,-0.01376613455083048
-2.233328857630009,0.02281478039421765,-0.0134376661316159
-2.232828857630009,0.02281478039421765,-0.01376613455083048
-2.232328857630009,0.02281478039421765,-0.0134376661316159
-2.231828857630009,0.02281478039421765,-0.01376613455083048
-2.231328857630009,0.02281478039421765,-0.01376613455083048
-2.230828857630009,0.02281478039421765,-0.01376613455083048
-2.230328857630009,0.02281478039421765,-0.01376613455083048
-2.229828857630009,0.02281478039421765,-0.0134376661316159
-2.229328857630009,0.02281478039421765,-0.01376613455083048
-2.228828857630009,0.02281478039421765,-0.01376613455083048
-2.228328857630009,0.02281478039421765,-0.01376613455083048
-2.227828857630009,0.02281478039421765,-0.01376613455083048
-2.227328857630009,0.02281478039421765,-0.01376613455083048
-2.226828857630009,0.02281478039421765,-0.01376613455083048
-2.226328857630009,0.02281478039421765,-0.01376613455083048
-2.225828857630009,0.02281478039421765,-0.01376613455083048
-2.225328857630009,0.02281478039421765,-0.01376613455083048
-2.224828857630009,0.02281478039421765,-0.0134376661316159
-2.224328857630009,0.02281478039421765,-0.01376613455083048
-2.223828857630009,0.02281478039421765,-0.01376613455083048
-2.223328857630009,0.02281478039421765,-0.01376613455083048
-2.222828857630009,0.02281478039421765,-0.01376613455083048
-2.222328857630009,0.02281478039421765,-0.0134376661316159
-2.221828857630009,0.02281478039421765,-0.01376613455083048
-2.221328857630009,0.02281478039421765,-0.01376613455083048
-2.220828857630009,0.02281478039421765,-0.01376613455083048
-2.220328857630009,0.02281478039421765,-0.01376613455083048
-2.219828857630009,0.02281478039421765,-0.0134376661316159
-2.219328857630009,0.02281478039421765,-0.01376613455083048
-2.218828857630009,0.02281478039421765,-0.0134376661316159
-2.218328857630009,0.02281478039421765,-0.01376613455083048
-2.217828857630009,0.02281478039421765,-0.01376613455083048
-2.217328857630009,0.02281478039421765,-0.01376613455083048
-2.216828857630009,0.02281478039421765,-0.01376613455083048
-2.216328857630009,0.02281478039421765,-0.01376613455083048
-2.215828857630009,0.02281478039421765,-0.01376613455083048
-2.215328857630009,0.02281478039421765,-0.0134376661316159
-2.214828857630009,0.02281478039421765,-0.01376613455083048
-2.214328857630009,0.02281478039421765,-0.01376613455083048
-2.213828857630009,0.02281478039421765,-0.0134376661316159
-2.213328857630009,0.02281478039421765,-0.01376613455083048
-2.212828857630009,0.02281478039421765,-0.0134376661316159
-2.212328857630009,0.02281478039421765,-0.01376613455083048
-2.211828857630009,0.02281478039421765,-0.01376613455083048
-2.211328857630009,0.02281478039421765,-0.0134376661316159
-2.210828857630009,0.02281478039421765,-0.01376613455083048
-2.210328857630009,0.02281478039421765,-0.0134376661316159
-2.209828857630009,0.02281478039421765,-0.01376613455083048
-2.209328857630009,0.02281478039421765,-0.0134376661316159
-2.208828857630009,0.02281478039421765,-0.01376613455083048
-2.208328857630009,0.02281478039421765,-0.01376613455083048
-2.207828857630009,0.02281478039421765,-0.0134376661316159
-2.207328857630009,0.02281478039421765,-0.01376613455083048
-2.206828857630009,0.02281478039421765,-0.0134376661316159
-2.206328857630009,0.02281478039421765,-0.0134376661316159
-2.205828857630009,0.02281478039421765,-0.01376613455083048
-2.205328857630009,0.02281478039421765,-0.0134376661316159
-2.204828857630009,0.02281478039421765,-0.01376613455083048
-2.204328857630009,0.02281478039421765,-0.01376613455083048
-2.203828857630009,0.02281478039421765,-0.01376613455083048
-2.203328857630009,0.02281478039421765,-0.01376613455083048
-2.202828857630009,0.02281478039421765,-0.01376613455083048
-2.202328857630009,0.02281478039421765,-0.01376613455083048
-2.201828857630009,0.02281478039421765,-0.01376613455083048
-2.201328857630009,0.02281478039421765,-0.01376613455083048
-2.200828857630009,0.02281478039421765,-0.01376613455083048
-2.200328857630009,0.02281478039421765,-0.01376613455083048
-2.199828857630009,0.02281478039421765,-0.01376613455083048
-2.199328857630009,0.02281478039421765,-0.0134376661316159
-2.198828857630009,0.02281478039421765,-0.01376613455083048
-2.198328857630009,0.02281478039421765,-0.01376613455083048
-2.197828857630009,0.02281478039421765,-0.01376613455083048
-2.197328857630009,0.02281478039421765,-0.01376613455083048
-2.196828857630009,0.02281478039421765,-0.01376613455083048
-2.196328857630009,0.02281478039421765,-0.01376613455083048
-2.195828857630009,0.02281478039421765,-0.01376613455083048
-2.195328857630009,0.02281478039421765,-0.01376613455083048
-2.194828857630009,0.02281478039421765,-0.01376613455083048
-2.194328857630009,0.02281478039421765,-0.01376613455083048
-2.193828857630009,0.02281478039421765,-0.0134376661316159
-2.193328857630009,0.02281478039421765,-0.01376613455083048
-2.192828857630009,0.02281478039421765,-0.01376613455083048
-2.192328857630009,0.02281478039421765,-0.0134376661316159
-2.191828857630009,0.02281478039421765,-0.01376613455083048
-2.191328857630009,0.02281478039421765,-0.01376613455083048
-2.190828857630009,0.02281478039421765,-0.01376613455083048
-2.190328857630009,0.02281478039421765,-0.01376613455083048
-2.189828857630009,0.02281478039421765,-0.01376613455083048
-2.189328857630009,0.02281478039421765,-0.01376613455083048
-2.188828857630009,0.02281478039421765,-0.01376613455083048
-2.188328857630009,0.02281478039421765,-0.01376613455083048
-2.187828857630009,0.02281478039421765,-0.0134376661316159
-2.187328857630009,0.02281478039421765,-0.01376613455083048
-2.186828857630009,0.02281478039421765,-0.0134376661316159
-2.186328857630009,0.02281478039421765,-0.0134376661316159
-2.185828857630009,0.02281478039421765,-0.01376613455083048
-2.185328857630009,0.02281478039421765,-0.01376613455083048
-2.184828857630009,0.02281478039421765,-0.01376613455083048
-2.184328857630009,0.02281478039421765,-0.01376613455083048
-2.183828857630009,0.02281478039421765,-0.01376613455083048
-2.183328857630009,0.02281478039421765,-0.01376613455083048
-2.182828857630009,0.02281478039421765,-0.01376613455083048
-2.182328857630009,0.02281478039421765,-0.01376613455083048
-2.181828857630009,0.02281478039421765,-0.0134376661316159
-2.181328857630009,0.02281478039421765,-0.01376613455083048
-2.180828857630009,0.02281478039421765,-0.01376613455083048
-2.180328857630009,0.02281478039421765,-0.01376613455083048
-2.179828857630009,0.02281478039421765,-0.01376613455083048
-2.179328857630009,0.02281478039421765,-0.01376613455083048
-2.178828857630009,0.02281478039421765,-0.01376613455083048
-2.178328857630009,0.02281478039421765,-0.01376613455083048
-2.177828857630009,0.02281478039421765,-0.0134376661316159
-2.177328857630009,0.02281478039421765,-0.01376613455083048
-2.176828857630009,0.02281478039421765,-0.01376613455083048
-2.176328857630009,0.02281478039421765,-0.01376613455083048
-2.175828857630009,0.02281478039421765,-0.0134376661316159
-2.175328857630009,0.02281478039421765,-0.01376613455083048
-2.174828857630009,0.02281478039421765,-0.0134376661316159
-2.174328857630009,0.02281478039421765,-0.0134376661316159
-2.173828857630009,0.02281478039421765,-0.01376613455083048
-2.173328857630009,0.02281478039421765,-0.01376613455083048
-2.172828857630009,0.02281478039421765,-0.01376613455083048
-2.172328857630009,0.02281478039421765,-0.01376613455083048
-2.171828857630009,0.02281478039421765,-0.01376613455083048
-2.171328857630009,0.02281478039421765,-0.0134376661316159
-2.170828857630009,0.02281478039421765,-0.01376613455083048
-2.170328857630009,0.02281478039421765,-0.01376613455083048
-2.169828857630009,0.02281478039421765,-0.0134376661316159
-2.169328857630009,0.02281478039421765,-0.01376613455083048
-2.168828857630009,0.02281478039421765,-0.01376613455083048
-2.168328857630009,0.02281478039421765,-0.0134376661316159
-2.167828857630009,0.02281478039421765,-0.01376613455083048
-2.167328857630009,0.02281478039421765,-0.0134376661316159
-2.166828857630009,0.02281478039421765,-0.01376613455083048
-2.166328857630009,0.02281478039421765,-0.01376613455083048
-2.165828857630009,0.02281478039421765,-0.0134376661316159
-2.165328857630009,0.02281478039421765,-0.01376613455083048
-2.164828857630009,0.02281478039421765,-0.01376613455083048
-2.164328857630009,0.02281478039421765,-0.01376613455083048
-2.163828857630009,0.02281478039421765,-0.0134376661316159
-2.163328857630009,0.02281478039421765,-0.01376613455083048
-2.162828857630009,0.02281478039421765,-0.01376613455083048
-2.162328857630009,0.02281478039421765,-0.0134376661316159
-2.161828857630009,0.02281478039421765,-0.01376613455083048
-2.161328857630009,0.02281478039421765,-0.01376613455083048
-2.160828857630009,0.02281478039421765,-0.01376613455083048
-2.160328857630009,0.02281478039421765,-0.01376613455083048
-2.159828857630009,0.02281478039421765,-0.01376613455083048
-2.159328857630009,0.02281478039421765,-0.01376613455083048
-2.158828857630009,0.02281478039421765,-0.01376613455083048
-2.158328857630009,0.02281478039421765,-0.01376613455083048
-2.157828857630009,0.02281478039421765,-0.0134376661316159
-2.157328857630009,0.02281478039421765,-0.01376613455083048
-2.156828857630009,0.02281478039421765,-0.0134376661316159
-2.156328857630009,0.02281478039421765,-0.01376613455083048
-2.155828857630009,0.02281478039421765,-0.0134376661316159
-2.155328857630009,0.02281478039421765,-0.01376613455083048
-2.154828857630009,0.02281478039421765,-0.01376613455083048
-2.154328857630009,0.02281478039421765,-0.0134376661316159
-2.153828857630009,0.02281478039421765,-0.01376613455083048
-2.153328857630009,0.02281478039421765,-0.01376613455083048
-2.152828857630009,0.02281478039421765,-0.01376613455083048
-2.152328857630009,0.02281478039421765,-0.01376613455083048
-2.151828857630009,0.02281478039421765,-0.01376613455083048
-2.151328857630009,0.02281478039421765,-0.01376613455083048
-2.150828857630009,0.02281478039421765,-0.01376613455083048
-2.150328857630009,0.02281478039421765,-0.01376613455083048
-2.149828857630009,0.02281478039421765,-0.0134376661316159
-2.149328857630009,0.02281478039421765,-0.0134376661316159
-2.148828857630009,0.02281478039421765,-0.0134376661316159
-2.148328857630009,0.02281478039421765,-0.0134376661316159
-2.147828857630009,0.02281478039421765,-0.0134376661316159
-2.147328857630009,0.02281478039421765,-0.01376613455083048
-2.146828857630009,0.02281478039421765,-0.0134376661316159
-2.146328857630009,0.02281478039421765,-0.01376613455083048
-2.145828857630009,0.02281478039421765,-0.01376613455083048
-2.145328857630009,0.02281478039421765,-0.0134376661316159
-2.144828857630009,0.02281478039421765,-0.01376613455083048
-2.144328857630009,0.02281478039421765,-0.01376613455083048
-2.143828857630009,0.02281478039421765,-0.0134376661316159
-2.143328857630009,0.02281478039421765,-0.01376613455083048
-2.142828857630009,0.02281478039421765,-0.01376613455083048
-2.142328857630009,0.02281478039421765,-0.0134376661316159
-2.141828857630009,0.02281478039421765,-0.01376613455083048
-2.141328857630009,0.02281478039421765,-0.01376613455083048
-2.140828857630009,0.02281478039421765,-0.01376613455083048
-2.140328857630009,0.02281478039421765,-0.0134376661316159
-2.139828857630009,0.02281478039421765,-0.01376613455083048
-2.139328857630009,0.02281478039421765,-0.01376613455083048
-2.138828857630009,0.02281478039421765,-0.0134376661316159
-2.138328857630009,0.02281478039421765,-0.01376613455083048
-2.137828857630009,0.02281478039421765,-0.01376613455083048
-2.137328857630009,0.02281478039421765,-0.0134376661316159
-2.136828857630009,0.02281478039421765,-0.01376613455083048
-2.136328857630009,0.02281478039421765,-0.0134376661316159
-2.135828857630009,0.02281478039421765,-0.01376613455083048
-2.135328857630009,0.02281478039421765,-0.01376613455083048
-2.134828857630009,0.02281478039421765,-0.0134376661316159
-2.134328857630009,0.02281478039421765,-0.01376613455083048
-2.133828857630009,0.02281478039421765,-0.01376613455083048
-2.133328857630009,0.02281478039421765,-0.01376613455083048
-2.132828857630009,0.02281478039421765,-0.01376613455083048
-2.132328857630009,0.02281478039421765,-0.0134376661316159
-2.131828857630009,0.02281478039421765,-0.01376613455083048
-2.131328857630009,0.02281478039421765,-0.01376613455083048
-2.130828857630009,0.02281478039421765,-0.0134376661316159
-2.130328857630009,0.02281478039421765,-0.01376613455083048
-2.129828857630009,0.02281478039421765,-0.01376613455083048
-2.129328857630009,0.02281478039421765,-0.01376613455083048
-2.128828857630009,0.02281478039421765,-0.01376613455083048
-2.128328857630009,0.02281478039421765,-0.0134376661316159
-2.127828857630009,0.02281478039421765,-0.01376613455083048
-2.127328857630009,0.02281478039421765,-0.01376613455083048
-2.126828857630009,0.02281478039421765,-0.01376613455083048
-2.126328857630009,0.02281478039421765,-0.01376613455083048
-2.125828857630009,0.02281478039421765,-0.01376613455083048
-2.125328857630009,0.02281478039421765,-0.01376613455083048
-2.124828857630009,0.02281478039421765,-0.01376613455083048
-2.124328857630009,0.02281478039421765,-0.0134376661316159
-2.123828857630009,0.02281478039421765,-0.01376613455083048
-2.123328857630009,0.02281478039421765,-0.01376613455083048
-2.122828857630009,0.02281478039421765,-0.01376613455083048
-2.122328857630009,0.02281478039421765,-0.01376613455083048
-2.121828857630009,0.02281478039421765,-0.0134376661316159
-2.121328857630009,0.02281478039421765,-0.01376613455083048
-2.120828857630009,0.02281478039421765,-0.01376613455083048
-2.120328857630009,0.02281478039421765,-0.0134376661316159
-2.119828857630009,0.02281478039421765,-0.01376613455083048
-2.119328857630009,0.02281478039421765,-0.01376613455083048
-2.118828857630009,0.01914367252093209,-0.01376613455083048
-2.118328857630009,0.02281478039421765,-0.01376613455083048
-2.117828857630009,0.02281478039421765,-0.01376613455083048
-2.117328857630009,0.02281478039421765,-0.01376613455083048
-2.116828857630009,0.02281478039421765,-0.01376613455083048
-2.116328857630009,0.02281478039421765,-0.0134376661316159
-2.115828857630009,0.02281478039421765,-0.01376613455083048
-2.115328857630009,0.02281478039421765,-0.0134376661316159
-2.114828857630009,0.02281478039421765,-0.01376613455083048
-2.114328857630009,0.02281478039421765,-0.01376613455083048
-2.113828857630009,0.02281478039421765,-0.01376613455083048
-2.113328857630009,0.02281478039421765,-0.01376613455083048
-2.112828857630009,0.02281478039421765,-0.01376613455083048
-2.112328857630009,0.02281478039421765,-0.01376613455083048
-2.111828857630009,0.02281478039421765,-0.01376613455083048
-2.111328857630009,0.02281478039421765,-0.01376613455083048
-2.110828857630009,0.02281478039421765,-0.0134376661316159
-2.110328857630009,0.02281478039421765,-0.01376613455083048
-2.109828857630009,0.02281478039421765,-0.0134376661316159
-2.109328857630009,0.02281478039421765,-0.01376613455083048
-2.108828857630009,0.02281478039421765,-0.0134376661316159
-2.108328857630009,0.02281478039421765,-0.01376613455083048
-2.107828857630009,0.02281478039421765,-0.01376613455083048
-2.107328857630009,0.02281478039421765,-0.0134376661316159
-2.106828857630009,0.02281478039421765,-0.01376613455083048
-2.106328857630009,0.02281478039421765,-0.0134376661316159
-2.105828857630009,0.02281478039421765,-0.01376613455083048
-2.105328857630009,0.02281478039421765,-0.01376613455083048
-2.104828857630009,0.02281478039421765,-0.0134376661316159
-2.104328857630009,0.02281478039421765,-0.01376613455083048
-2.103828857630009,0.02281478039421765,-0.01376613455083048
-2.103328857630009,0.02281478039421765,-0.0134376661316159
-2.102828857630009,0.02281478039421765,-0.01376613455083048
-2.102328857630009,0.02281478039421765,-0.0134376661316159
-2.101828857630009,0.02281478039421765,-0.01376613455083048
-2.101328857630009,0.02281478039421765,-0.01376613455083048
-2.100828857630009,0.02281478039421765,-0.0134376661316159
-2.100328857630009,0.02281478039421765,-0.01376613455083048
-2.099828857630009,0.02281478039421765,-0.01376613455083048
-2.099328857630009,0.02281478039421765,-0.0134376661316159
-2.098828857630009,0.02281478039421765,-0.01376613455083048
-2.098328857630009,0.02281478039421765,-0.01376613455083048
-2.097828857630009,0.02281478039421765,-0.0134376661316159
-2.097328857630009,0.02281478039421765,-0.01376613455083048
-2.096828857630009,0.02281478039421765,-0.0134376661316159
-2.096328857630009,0.02281478039421765,-0.01376613455083048
-2.095828857630009,0.02281478039421765,-0.01376613455083048
-2.095328857630009,0.02281478039421765,-0.01376613455083048
-2.094828857630009,0.02281478039421765,-0.01376613455083048
-2.094328857630009,0.02281478039421765,-0.0134376661316159
-2.093828857630009,0.02281478039421765,-0.0134376661316159
-2.093328857630009,0.02281478039421765,-0.01376613455083048
-2.092828857630009,0.02281478039421765,-0.01376613455083048
-2.092328857630009,0.02281478039421765,-0.0134376661316159
-2.091828857630009,0.02281478039421765,-0.01376613455083048
-2.091328857630009,0.02281478039421765,-0.01376613455083048
-2.090828857630009,0.02281478039421765,-0.0134376661316159
-2.090328857630009,0.02281478039421765,-0.01376613455083048
-2.089828857630009,0.02281478039421765,-0.0134376661316159
-2.089328857630009,0.02281478039421765,-0.01376613455083048
-2.088828857630009,0.02281478039421765,-0.01376613455083048
-2.088328857630009,0.02281478039421765,-0.01376613455083048
-2.087828857630009,0.02281478039421765,-0.01376613455083048
-2.087328857630009,0.02281478039421765,-0.0134376661316159
-2.086828857630009,0.02281478039421765,-0.01376613455083048
-2.086328857630009,0.02281478039421765,-0.0134376661316159
-2.085828857630009,0.02281478039421765,-0.0134376661316159
-2.085328857630009,0.02281478039421765,-0.01376613455083048
-2.084828857630009,0.02281478039421765,-0.0134376661316159
-2.084328857630009,0.02281478039421765,-0.01376613455083048
-2.083828857630009,0.02281478039421765,-0.01376613455083048
-2.083328857630009,0.02281478039421765,-0.01376613455083048
-2.082828857630009,0.02281478039421765,-0.01376613455083048
-2.082328857630009,0.02281478039421765,-0.0134376661316159
-2.081828857630009,0.02281478039421765,-0.01376613455083048
-2.081328857630009,0.02281478039421765,-0.01376613455083048
-2.080828857630009,0.02281478039421765,-0.0134376661316159
-2.080328857630009,0.02281478039421765,-0.01376613455083048
-2.079828857630009,0.02281478039421765,-0.01376613455083048
-2.079328857630009,0.02281478039421765,-0.0134376661316159
-2.078828857630009,0.02281478039421765,-0.01376613455083048
-2.078328857630009,0.02281478039421765,-0.01376613455083048
-2.077828857630009,0.02281478039421765,-0.01376613455083048
-2.077328857630009,0.02281478039421765,-0.0134376661316159
-2.076828857630009,0.02281478039421765,-0.01376613455083048
-2.076328857630009,0.02281478039421765,-0.01376613455083048
-2.075828857630009,0.02281478039421765,-0.0134376661316159
-2.075328857630009,0.02281478039421765,-0.01376613455083048
-2.074828857630009,0.02281478039421765,-0.0134376661316159
-2.074328857630009,0.02281478039421765,-0.01376613455083048
-2.073828857630009,0.02281478039421765,-0.01376613455083048
-2.073328857630009,0.02281478039421765,-0.01376613455083048
-2.072828857630009,0.02281478039421765,-0.01376613455083048
-2.072328857630009,0.02281478039421765,-0.01376613455083048
-2.071828857630009,0.02281478039421765,-0.0134376661316159
-2.071328857630009,0.02281478039421765,-0.01376613455083048
-2.070828857630009,0.02281478039421765,-0.0134376661316159
-2.070328857630009,0.02281478039421765,-0.01376613455083048
-2.069828857630009,0.02281478039421765,-0.01376613455083048
-2.069328857630009,0.02281478039421765,-0.0134376661316159
-2.068828857630009,0.02281478039421765,-0.01376613455083048
-2.068328857630009,0.02281478039421765,-0.01376613455083048
-2.067828857630009,0.02281478039421765,-0.01376613455083048
-2.067328857630009,0.02281478039421765,-0.0134376661316159
-2.066828857630009,0.02281478039421765,-0.01376613455083048
-2.066328857630009,0.02281478039421765,-0.01376613455083048
-2.065828857630009,0.02281478039421765,-0.01376613455083048
-2.065328857630009,0.02281478039421765,-0.01376613455083048
-2.064828857630009,0.02281478039421765,-0.0134376661316159
-2.064328857630009,0.02281478039421765,-0.01376613455083048
-2.063828857630009,0.02281478039421765,-0.01376613455083048
-2.063328857630009,0.02281478039421765,-0.01376613455083048
-2.062828857630009,0.02281478039421765,-0.01376613455083048
-2.062328857630009,0.02281478039421765,-0.01376613455083048
-2.061828857630009,0.02281478039421765,-0.01376613455083048
-2.061328857630009,0.02281478039421765,-0.01376613455083048
-2.060828857630009,0.02281478039421765,-0.01376613455083048
-2.060328857630009,0.02281478039421765,-0.01376613455083048
-2.059828857630009,0.02281478039421765,-0.01376613455083048
-2.059328857630009,0.02281478039421765,-0.01376613455083048
-2.058828857630009,0.02281478039421765,-0.0134376661316159
-2.058328857630009,0.02281478039421765,-0.01376613455083048
-2.057828857630009,0.02281478039421765,-0.01376613455083048
-2.057328857630009,0.02281478039421765,-0.0134376661316159
-2.056828857630009,0.02281478039421765,-0.01376613455083048
-2.056328857630009,0.02281478039421765,-0.0134376661316159
-2.055828857630009,0.02281478039421765,-0.01376613455083048
-2.055328857630009,0.02281478039421765,-0.01376613455083048
-2.054828857630009,0.02281478039421765,-0.01376613455083048
-2.054328857630009,0.02281478039421765,-0.01376613455083048
-2.053828857630009,0.02281478039421765,-0.01376613455083048
-2.053328857630009,0.02281478039421765,-0.0134376661316159
-2.052828857630009,0.02281478039421765,-0.01376613455083048
-2.052328857630009,0.02281478039421765,-0.0134376661316159
-2.051828857630009,0.02281478039421765,-0.01376613455083048
-2.051328857630009,0.02281478039421765,-0.0134376661316159
-2.050828857630009,0.02281478039421765,-0.01376613455083048
-2.050328857630009,0.02281478039421765,-0.01376613455083048
-2.049828857630009,0.02281478039421765,-0.0134376661316159
-2.049328857630009,0.02281478039421765,-0.01376613455083048
-2.048828857630009,0.02281478039421765,-0.01376613455083048
-2.048328857630009,0.02281478039421765,-0.0134376661316159
-2.047828857630009,0.02281478039421765,-0.01376613455083048
-2.047328857630009,0.02281478039421765,-0.01376613455083048
-2.046828857630009,0.02281478039421765,-0.01376613455083048
-2.046328857630009,0.02281478039421765,-0.01376613455083048
-2.045828857630009,0.02281478039421765,-0.01376613455083048
-2.045328857630009,0.02281478039421765,-0.01376613455083048
-2.044828857630009,0.02281478039421765,-0.01376613455083048
-2.044328857630009,0.02281478039421765,-0.01376613455083048
-2.043828857630009,0.02281478039421765,-0.01376613455083048
-2.043328857630009,0.02281478039421765,-0.01376613455083048
-2.042828857630009,0.02281478039421765,-0.01376613455083048
-2.042328857630009,0.02281478039421765,-0.01376613455083048
-2.041828857630009,0.02281478039421765,-0.01376613455083048
-2.041328857630009,0.02281478039421765,-0.01376613455083048
-2.040828857630009,0.02281478039421765,-0.01376613455083048
-2.040328857630009,0.02281478039421765,-0.01376613455083048
-2.039828857630009,0.02281478039421765,-0.01376613455083048
-2.039328857630009,0.02281478039421765,-0.01376613455083048
-2.038828857630009,0.02281478039421765,-0.01376613455083048
-2.038328857630009,0.02281478039421765,-0.01376613455083048
-2.037828857630009,0.02281478039421765,-0.01376613455083048
-2.037328857630009,0.02281478039421765,-0.01376613455083048
-2.036828857630009,0.02281478039421765,-0.01376613455083048
-2.036328857630009,0.02281478039421765,-0.01343766613161605
-2.035828857630009,0.02281478039421765,-0.01376613455083048
-2.035328857630009,0.02281478039421765,-0.01376613455083048
-2.034828857630009,0.02281478039421765,-0.01376613455083048
-2.034328857630009,0.02281478039421765,-0.01376613455083048
-2.033828857630009,0.02281478039421765,-0.01376613455083048
-2.033328857630009,0.02281478039421765,-0.01376613455083048
-2.032828857630009,0.02281478039421765,-0.01376613455083048
-2.032328857630009,0.02281478039421765,-0.01376613455083048
-2.031828857630009,0.02281478039421765,-0.01376613455083048
-2.031328857630009,0.02281478039421765,-0.01376613455083033
-2.030828857630009,0.02281478039421765,-0.01343766613161605
-2.030328857630009,0.02281478039421765,-0.0134376661316159
-2.029828857630009,0.02281478039421765,-0.01376613455083033
-2.029328857630009,0.02281478039421765,-0.0134376661316159
-2.028828857630009,0.02281478039421765,-0.01376613455083048
-2.028328857630009,0.02281478039421765,-0.01376613455083048
-2.027828857630009,0.02281478039421765,-0.01376613455083048
-2.027328857630009,0.02281478039421765,-0.01376613455083033
-2.026828857630009,0.02281478039421765,-0.01343766613161605
-2.026328857630009,0.02281478039421765,-0.01376613455083048
-2.025828857630009,0.02281478039421765,-0.01376613455083048
-2.025328857630009,0.02281478039421765,-0.01376613455083048
-2.024828857630009,0.02281478039421765,-0.0134376661316159
-2.024328857630009,0.02281478039421765,-0.01376613455083033
-2.023828857630009,0.02281478039421765,-0.01376613455083048
-2.023328857630009,0.02281478039421765,-0.01376613455083048
-2.022828857630009,0.02281478039421765,-0.01376613455083048
-2.022328857630009,0.02281478039421765,-0.01376613455083048
-2.021828857630009,0.02281478039421765,-0.01376613455083048
-2.021328857630009,0.02281478039421765,-0.01376613455083048
-2.020828857630009,0.02281478039421765,-0.01376613455083048
-2.020328857630009,0.02281478039421765,-0.01376613455083048
-2.019828857630009,0.02281478039421765,-0.0134376661316159
-2.019328857630009,0.02281478039421765,-0.01376613455083033
-2.018828857630009,0.02281478039421765,-0.01343766613161605
-2.018328857630009,0.02281478039421765,-0.01376613455083048
-2.017828857630009,0.02281478039421765,-0.01343766613161605
-2.017328857630009,0.02281478039421765,-0.01376613455083048
-2.016828857630009,0.02281478039421765,-0.0134376661316159
-2.016328857630009,0.02281478039421765,-0.01376613455083033
-2.015828857630009,0.02281478039421765,-0.0134376661316159
-2.015328857630009,0.02281478039421765,-0.01376613455083033
-2.014828857630009,0.02281478039421765,-0.01343766613161605
-2.014328857630009,0.02281478039421765,-0.0134376661316159
-2.013828857630009,0.02281478039421765,-0.01376613455083033
-2.013328857630009,0.02281478039421765,-0.0134376661316159
-2.012828857630009,0.02281478039421765,-0.0134376661316159
-2.012328857630009,0.02281478039421765,-0.0134376661316159
-2.011828857630009,0.02281478039421765,-0.0134376661316159
-2.011328857630009,0.02281478039421765,-0.01376613455083033
-2.010828857630009,0.02281478039421765,-0.01343766613161605
-2.010328857630009,0.02281478039421765,-0.0134376661316159
-2.009828857630009,0.02281478039421765,-0.01376613455083048
-2.009328857630009,0.02281478039421765,-0.01376613455083048
-2.008828857630009,0.02281478039421765,-0.0134376661316159
-2.008328857630009,0.02281478039421765,-0.01376613455083033
-2.007828857630009,0.02281478039421765,-0.01376613455083048
-2.007328857630009,0.02281478039421765,-0.01343766613161605
-2.006828857630009,0.02281478039421765,-0.01376613455083033
-2.006328857630009,0.02281478039421765,-0.0134376661316159
-2.005828857630009,0.02281478039421765,-0.01376613455083048
-2.005328857630009,0.02281478039421765,-0.01376613455083048
-2.004828857630009,0.02281478039421765,-0.0134376661316159
-2.004328857630009,0.02281478039421765,-0.01376613455083033
-2.003828857630009,0.02281478039421765,-0.0134376661316159
-2.003328857630009,0.02281478039421765,-0.01376613455083048
-2.002828857630009,0.02281478039421765,-0.01376613455083048
-2.002328857630009,0.02281478039421765,-0.01376613455083048
-2.001828857630009,0.02281478039421765,-0.01343766613161605
-2.001328857630009,0.02281478039421765,-0.01376613455083048
-2.000828857630009,0.02281478039421765,-0.01376613455083048
-2.000328857630009,0.02281478039421765,-0.01343766613161605
-1.999828857630009,0.02281478039421765,-0.01376613455083048
-1.999328857630009,0.02281478039421765,-0.0134376661316159
-1.998828857630009,0.02281478039421765,-0.01376613455083048
-1.998328857630009,0.02281478039421765,-0.0134376661316159
-1.997828857630009,0.02281478039421765,-0.01376613455083048
-1.997328857630009,0.02281478039421765,-0.0134376661316159
-1.996828857630009,0.02281478039421765,-0.0134376661316159
-1.996328857630009,0.02281478039421765,-0.01376613455083048
-1.995828857630009,0.02281478039421765,-0.0134376661316159
-1.995328857630009,0.02281478039421765,-0.01376613455083048
-1.994828857630009,0.02281478039421765,-0.0134376661316159
-1.994328857630009,0.02281478039421765,-0.01376613455083048
-1.993828857630009,0.02281478039421765,-0.01376613455083048
-1.993328857630009,0.02281478039421765,-0.0134376661316159
-1.992828857630009,0.02281478039421765,-0.01376613455083048
-1.992328857630009,0.02281478039421765,-0.01376613455083048
-1.991828857630009,0.02281478039421765,-0.0134376661316159
-1.991328857630009,0.02281478039421765,-0.01376613455083048
-1.990828857630009,0.02281478039421765,-0.0134376661316159
-1.990328857630009,0.02281478039421765,-0.01376613455083048
-1.989828857630009,0.02281478039421765,-0.0134376661316159
-1.989328857630009,0.02281478039421765,-0.01376613455083048
-1.988828857630009,0.02281478039421765,-0.01376613455083048
-1.988328857630009,0.02281478039421765,-0.01376613455083048
-1.987828857630009,0.02281478039421765,-0.01376613455083048
-1.987328857630009,0.02281478039421765,-0.0134376661316159
-1.986828857630009,0.02281478039421765,-0.01376613455083048
-1.986328857630009,0.02281478039421765,-0.0134376661316159
-1.985828857630009,0.02281478039421765,-0.01376613455083048
-1.985328857630009,0.02281478039421765,-0.01376613455083048
-1.984828857630009,0.02281478039421765,-0.0134376661316159
-1.984328857630009,0.02281478039421765,-0.01376613455083048
-1.983828857630009,0.02281478039421765,-0.0134376661316159
-1.983328857630009,0.02281478039421765,-0.01376613455083048
-1.982828857630009,0.02281478039421765,-0.01376613455083048
-1.982328857630009,0.02281478039421765,-0.0134376661316159
-1.981828857630009,0.02281478039421765,-0.01376613455083048
-1.981328857630009,0.02281478039421765,-0.0134376661316159
-1.980828857630009,0.02281478039421765,-0.01376613455083048
-1.980328857630009,0.02281478039421765,-0.0134376661316159
-1.979828857630009,0.02281478039421765,-0.01376613455083048
-1.979328857630009,0.02281478039421765,-0.01376613455083048
-1.978828857630009,0.02281478039421765,-0.0134376661316159
-1.978328857630009,0.02281478039421765,-0.01376613455083048
-1.977828857630009,0.02281478039421765,-0.0134376661316159
-1.977328857630009,0.02281478039421765,-0.01376613455083048
-1.976828857630009,0.01914367252093209,-0.0134376661316159
-1.976328857630009,0.02281478039421765,-0.01376613455083048
-1.975828857630009,0.02281478039421765,-0.01376613455083048
-1.975328857630009,0.02281478039421765,-0.0134376661316159
-1.974828857630009,0.02281478039421765,-0.01376613455083048
-1.974328857630009,0.02281478039421765,-0.0134376661316159
-1.973828857630009,0.02281478039421765,-0.01376613455083048
-1.973328857630009,0.02281478039421765,-0.01376613455083048
-1.972828857630009,0.02281478039421765,-0.0134376661316159
-1.972328857630009,0.02281478039421765,-0.01376613455083048
-1.971828857630009,0.02281478039421765,-0.0134376661316159
-1.971328857630009,0.02281478039421765,-0.01376613455083048
-1.970828857630009,0.02281478039421765,-0.01376613455083048
-1.970328857630009,0.02281478039421765,-0.0134376661316159
-1.969828857630009,0.02281478039421765,-0.0134376661316159
-1.969328857630009,0.02281478039421765,-0.01376613455083048
-1.968828857630009,0.02281478039421765,-0.0134376661316159
-1.968328857630009,0.02281478039421765,-0.01376613455083048
-1.967828857630009,0.02281478039421765,-0.0134376661316159
-1.967328857630009,0.02281478039421765,-0.01376613455083048
-1.966828857630009,0.02281478039421765,-0.01376613455083048
-1.966328857630009,0.01914367252093209,-0.01376613455083048
-1.965828857630009,0.02281478039421765,-0.01376613455083048
-1.965328857630009,0.02281478039421765,-0.01376613455083048
-1.964828857630009,0.02281478039421765,-0.01376613455083048
-1.964328857630009,0.02281478039421765,-0.01376613455083048
-1.963828857630009,0.02281478039421765,-0.01376613455083048
-1.963328857630009,0.02281478039421765,-0.01376613455083048
-1.962828857630009,0.02281478039421765,-0.01376613455083048
-1.962328857630009,0.02281478039421765,-0.01376613455083048
-1.961828857630009,0.02281478039421765,-0.01376613455083048
-1.961328857630009,0.02281478039421765,-0.01376613455083048
-1.960828857630009,0.02281478039421765,-0.01376613455083048
-1.960328857630009,0.02281478039421765,-0.0134376661316159
-1.959828857630009,0.02281478039421765,-0.01376613455083048
-1.959328857630009,0.02281478039421765,-0.0134376661316159
-1.958828857630009,0.02281478039421765,-0.01376613455083048
-1.958328857630009,0.02281478039421765,-0.01376613455083048
-1.957828857630009,0.02281478039421765,-0.01376613455083048
-1.957328857630009,0.02281478039421765,-0.01376613455083048
-1.956828857630009,0.02281478039421765,-0.01376613455083048
-1.956328857630009,0.02281478039421765,-0.01376613455083048
-1.955828857630009,0.02281478039421765,-0.01376613455083048
-1.955328857630009,0.02281478039421765,-0.01376613455083048
-1.954828857630009,0.02281478039421765,-0.01376613455083048
-1.954328857630009,0.02281478039421765,-0.01376613455083048
-1.953828857630009,0.02281478039421765,-0.01376613455083048
-1.953328857630009,0.02281478039421765,-0.01376613455083048
-1.952828857630009,0.02281478039421765,-0.01376613455083048
-1.952328857630009,0.02281478039421765,-0.01376613455083048
-1.951828857630009,0.02281478039421765,-0.01376613455083048
-1.951328857630009,0.02281478039421765,-0.01376613455083048
-1.950828857630009,0.02281478039421765,-0.01376613455083048
-1.950328857630009,0.02281478039421765,-0.01376613455083048
-1.949828857630009,0.02281478039421765,-0.01376613455083048
-1.949328857630009,0.02281478039421765,-0.01376613455083048
-1.948828857630009,0.02281478039421765,-0.01376613455083048
-1.948328857630009,0.02281478039421765,-0.01376613455083048
-1.947828857630009,0.02281478039421765,-0.01376613455083048
-1.947328857630009,0.02281478039421765,-0.0134376661316159
-1.946828857630009,0.02281478039421765,-0.01376613455083048
-1.946328857630009,0.02281478039421765,-0.01376613455083048
-1.945828857630009,0.02281478039421765,-0.01376613455083048
-1.945328857630009,0.02281478039421765,-0.01376613455083048
-1.944828857630009,0.02281478039421765,-0.01376613455083048
-1.944328857630009,0.02281478039421765,-0.01376613455083048
-1.943828857630009,0.02281478039421765,-0.01376613455083048
-1.943328857630009,0.02281478039421765,-0.01376613455083048
-1.942828857630009,0.02281478039421765,-0.01376613455083048
-1.942328857630009,0.02281478039421765,-0.01376613455083048
-1.941828857630009,0.02281478039421765,-0.01376613455083048
-1.941328857630009,0.02281478039421765,-0.01376613455083048
-1.940828857630009,0.02281478039421765,-0.01376613455083048
-1.940328857630009,0.02281478039421765,-0.01376613455083048
-1.939828857630009,0.02281478039421765,-0.01376613455083048
-1.939328857630009,0.02281478039421765,-0.01376613455083048
-1.938828857630009,0.02281478039421765,-0.01376613455083048
-1.938328857630009,0.02281478039421765,-0.0134376661316159
-1.937828857630009,0.02281478039421765,-0.01376613455083048
-1.937328857630009,0.02281478039421765,-0.0134376661316159
-1.936828857630009,0.02281478039421765,-0.01376613455083048
-1.936328857630009,0.02281478039421765,-0.01376613455083048
-1.935828857630009,0.02281478039421765,-0.01376613455083048
-1.935328857630009,0.02281478039421765,-0.01376613455083048
-1.934828857630009,0.02281478039421765,-0.01376613455083048
-1.934328857630009,0.02281478039421765,-0.01376613455083048
-1.933828857630009,0.02281478039421765,-0.01376613455083048
-1.933328857630009,0.02281478039421765,-0.01376613455083048
-1.932828857630009,0.02281478039421765,-0.01376613455083048
-1.932328857630009,0.02281478039421765,-0.01376613455083048
-1.931828857630009,0.02281478039421765,-0.01376613455083048
-1.931328857630009,0.02281478039421765,-0.01376613455083048
-1.930828857630009,0.02281478039421765,-0.01376613455083048
-1.930328857630009,0.02281478039421765,-0.01376613455083048
-1.929828857630009,0.02281478039421765,-0.01376613455083048
-1.929328857630009,0.02281478039421765,-0.01376613455083048
-1.928828857630009,0.02281478039421765,-0.01376613455083048
-1.928328857630009,0.02281478039421765,-0.01376613455083048
-1.927828857630009,0.02281478039421765,-0.01376613455083048
-1.927328857630009,0.02281478039421765,-0.01376613455083048
-1.926828857630009,0.02281478039421765,-0.01376613455083048
-1.926328857630009,0.02281478039421765,-0.01376613455083048
-1.925828857630009,0.02281478039421765,-0.01376613455083048
-1.925328857630009,0.02281478039421765,-0.0134376661316159
-1.924828857630009,0.02281478039421765,-0.01376613455083048
-1.924328857630009,0.02281478039421765,-0.01376613455083048
-1.923828857630009,0.02281478039421765,-0.01376613455083048
-1.923328857630009,0.02281478039421765,-0.01376613455083048
-1.922828857630009,0.02281478039421765,-0.0134376661316159
-1.922328857630009,0.02281478039421765,-0.01376613455083048
-1.921828857630009,0.02281478039421765,-0.01376613455083048
-1.921328857630009,0.02281478039421765,-0.0134376661316159
-1.920828857630009,0.02281478039421765,-0.01376613455083048
-1.920328857630009,0.02281478039421765,-0.01376613455083048
-1.919828857630009,0.02281478039421765,-0.0134376661316159
-1.919328857630009,0.02281478039421765,-0.01376613455083048
-1.918828857630009,0.02281478039421765,-0.01376613455083048
-1.918328857630009,0.02281478039421765,-0.01376613455083048
-1.917828857630009,0.02281478039421765,-0.01376613455083048
-1.917328857630009,0.02281478039421765,-0.0134376661316159
-1.916828857630009,0.02281478039421765,-0.01376613455083048
-1.916328857630009,0.02281478039421765,-0.01376613455083048
-1.915828857630009,0.02281478039421765,-0.01376613455083048
-1.915328857630009,0.02281478039421765,-0.0134376661316159
-1.914828857630009,0.02281478039421765,-0.01376613455083048
-1.914328857630009,0.01914367252093209,-0.01376613455083048
-1.913828857630009,0.02281478039421765,-0.01376613455083048
-1.913328857630009,0.02281478039421765,-0.01376613455083048
-1.912828857630009,0.02281478039421765,-0.01376613455083048
-1.912328857630009,0.02281478039421765,-0.01376613455083048
-1.911828857630009,0.02281478039421765,-0.01376613455083048
-1.911328857630009,0.02281478039421765,-0.0134376661316159
-1.910828857630009,0.02281478039421765,-0.01376613455083048
-1.910328857630009,0.02281478039421765,-0.01376613455083048
-1.909828857630009,0.02281478039421765,-0.0134376661316159
-1.909328857630009,0.02281478039421765,-0.01376613455083048
-1.908828857630009,0.02281478039421765,-0.01376613455083048
-1.908328857630009,0.02281478039421765,-0.0134376661316159
-1.907828857630009,0.02281478039421765,-0.01376613455083048
-1.907328857630009,0.02281478039421765,-0.01376613455083048
-1.906828857630009,0.02281478039421765,-0.0134376661316159
-1.906328857630009,0.02281478039421765,-0.01376613455083048
-1.905828857630009,0.02281478039421765,-0.0134376661316159
-1.905328857630009,0.02281478039421765,-0.01376613455083048
-1.904828857630009,0.02281478039421765,-0.0134376661316159
-1.904328857630009,0.02281478039421765,-0.01376613455083048
-1.903828857630009,0.02281478039421765,-0.0134376661316159
-1.903328857630009,0.02281478039421765,-0.01376613455083048
-1.902828857630009,0.02281478039421765,-0.0134376661316159
-1.902328857630009,0.02281478039421765,-0.01376613455083048
-1.901828857630009,0.02281478039421765,-0.01376613455083048
-1.901328857630009,0.02281478039421765,-0.01376613455083048
-1.900828857630009,0.02281478039421765,-0.01376613455083048
-1.900328857630009,0.02281478039421765,-0.01376613455083048
-1.899828857630009,0.02281478039421765,-0.01376613455083048
-1.899328857630009,0.02281478039421765,-0.0134376661316159
-1.898828857630009,0.02281478039421765,-0.01376613455083048
-1.898328857630009,0.02281478039421765,-0.01376613455083048
-1.897828857630009,0.02281478039421765,-0.01376613455083048
-1.897328857630009,0.02281478039421765,-0.01376613455083048
-1.896828857630009,0.02281478039421765,-0.0134376661316159
-1.896328857630009,0.02281478039421765,-0.01376613455083048
-1.895828857630009,0.02281478039421765,-0.0134376661316159
-1.895328857630009,0.02281478039421765,-0.01376613455083048
-1.894828857630009,0.02281478039421765,-0.01376613455083048
-1.894328857630009,0.02281478039421765,-0.0134376661316159
-1.893828857630009,0.02281478039421765,-0.01376613455083048
-1.893328857630009,0.02281478039421765,-0.0134376661316159
-1.892828857630009,0.02281478039421765,-0.01376613455083048
-1.892328857630009,0.02281478039421765,-0.01376613455083048
-1.891828857630009,0.02281478039421765,-0.01376613455083048
-1.891328857630009,0.02281478039421765,-0.01376613455083048
-1.890828857630009,0.02281478039421765,-0.0134376661316159
-1.890328857630009,0.02281478039421765,-0.01376613455083048
-1.889828857630009,0.02281478039421765,-0.01376613455083048
-1.889328857630009,0.02281478039421765,-0.01376613455083048
-1.888828857630009,0.02281478039421765,-0.01376613455083048
-1.888328857630009,0.02281478039421765,-0.01376613455083048
-1.887828857630009,0.02281478039421765,-0.01376613455083048
-1.887328857630009,0.02281478039421765,-0.01376613455083048
-1.886828857630009,0.02281478039421765,-0.01376613455083048
-1.886328857630009,0.02281478039421765,-0.01376613455083048
-1.885828857630009,0.02281478039421765,-0.01376613455083048
-1.885328857630009,0.02281478039421765,-0.01376613455083048
-1.884828857630009,0.02281478039421765,-0.01376613455083048
-1.884328857630009,0.02281478039421765,-0.01376613455083048
-1.883828857630009,0.02281478039421765,-0.01376613455083048
-1.883328857630009,0.02281478039421765,-0.0134376661316159
-1.882828857630009,0.02281478039421765,-0.01376613455083048
-1.882328857630009,0.02281478039421765,-0.01376613455083048
-1.881828857630009,0.02281478039421765,-0.01376613455083048
-1.881328857630009,0.02281478039421765,-0.01376613455083048
-1.880828857630009,0.02281478039421765,-0.0134376661316159
-1.880328857630009,0.02281478039421765,-0.01376613455083048
-1.879828857630009,0.02281478039421765,-0.01376613455083048
-1.879328857630009,0.02281478039421765,-0.01376613455083048
-1.878828857630009,0.02281478039421765,-0.01376613455083048
-1.878328857630009,0.02281478039421765,-0.01376613455083048
-1.877828857630009,0.02281478039421765,-0.01376613455083048
-1.877328857630009,0.02281478039421765,-0.01376613455083048
-1.876828857630009,0.02281478039421765,-0.01376613455083048
-1.876328857630009,0.02281478039421765,-0.01376613455083048
-1.875828857630009,0.02281478039421765,-0.01376613455083048
-1.875328857630009,0.02281478039421765,-0.01376613455083048
-1.874828857630009,0.02281478039421765,-0.01376613455083048
-1.874328857630009,0.02281478039421765,-0.01376613455083048
-1.873828857630009,0.02281478039421765,-0.01376613455083048
-1.873328857630009,0.02281478039421765,-0.01376613455083048
-1.872828857630009,0.02281478039421765,-0.01376613455083048
-1.872328857630009,0.02281478039421765,-0.01376613455083048
-1.871828857630009,0.02281478039421765,-0.01376613455083048
-1.871328857630009,0.02281478039421765,-0.01376613455083048
-1.870828857630009,0.02281478039421765,-0.01376613455083048
-1.870328857630009,0.02281478039421765,-0.01376613455083048
-1.869828857630009,0.02281478039421765,-0.01376613455083048
-1.869328857630009,0.02281478039421765,-0.0134376661316159
-1.868828857630009,0.02281478039421765,-0.01376613455083048
-1.868328857630009,0.02281478039421765,-0.01376613455083048
-1.867828857630009,0.02281478039421765,-0.0134376661316159
-1.867328857630009,0.02281478039421765,-0.01376613455083048
-1.866828857630009,0.02281478039421765,-0.01376613455083048
-1.866328857630009,0.02281478039421765,-0.01376613455083048
-1.865828857630009,0.02281478039421765,-0.01376613455083048
-1.865328857630009,0.02281478039421765,-0.01376613455083048
-1.864828857630009,0.02281478039421765,-0.01376613455083048
-1.864328857630009,0.02281478039421765,-0.01376613455083048
-1.863828857630009,0.02281478039421765,-0.01376613455083048
-1.863328857630009,0.02281478039421765,-0.01376613455083048
-1.862828857630009,0.02281478039421765,-0.01376613455083048
-1.862328857630009,0.02281478039421765,-0.01376613455083048
-1.861828857630009,0.02281478039421765,-0.01376613455083048
-1.861328857630009,0.02281478039421765,-0.01376613455083048
-1.860828857630009,0.02281478039421765,-0.01376613455083048
-1.860328857630009,0.02281478039421765,-0.01376613455083048
-1.859828857630009,0.02281478039421765,-0.01376613455083048
-1.859328857630009,0.02281478039421765,-0.01376613455083048
-1.858828857630009,0.02281478039421765,-0.0134376661316159
-1.858328857630009,0.02281478039421765,-0.01376613455083048
-1.857828857630009,0.02281478039421765,-0.01376613455083048
-1.857328857630009,0.02281478039421765,-0.01376613455083048
-1.856828857630009,0.02281478039421765,-0.01376613455083048
-1.856328857630009,0.02281478039421765,-0.01376613455083048
-1.855828857630009,0.02281478039421765,-0.01376613455083048
-1.855328857630009,0.02281478039421765,-0.01376613455083048
-1.854828857630009,0.02281478039421765,-0.01376613455083048
-1.854328857630009,0.02281478039421765,-0.0134376661316159
-1.853828857630009,0.02281478039421765,-0.01376613455083048
-1.853328857630009,0.02281478039421765,-0.01376613455083048
-1.852828857630009,0.02281478039421765,-0.01376613455083048
-1.852328857630009,0.02281478039421765,-0.01376613455083048
-1.851828857630009,0.02281478039421765,-0.01376613455083048
-1.851328857630009,0.02281478039421765,-0.01376613455083048
-1.850828857630009,0.02281478039421765,-0.01376613455083048
-1.850328857630009,0.02281478039421765,-0.01376613455083048
-1.849828857630009,0.02281478039421765,-0.01376613455083048
-1.849328857630009,0.02281478039421765,-0.01376613455083048
-1.848828857630009,0.02281478039421765,-0.01376613455083048
-1.848328857630009,0.02281478039421765,-0.01376613455083048
-1.847828857630009,0.02281478039421765,-0.01376613455083048
-1.847328857630009,0.02281478039421765,-0.01376613455083048
-1.846828857630009,0.02281478039421765,-0.0134376661316159
-1.846328857630009,0.02281478039421765,-0.01376613455083048
-1.845828857630009,0.02281478039421765,-0.01376613455083048
-1.845328857630009,0.02281478039421765,-0.0134376661316159
-1.844828857630009,0.02281478039421765,-0.01376613455083048
-1.844328857630009,0.02281478039421765,-0.01376613455083048
-1.843828857630009,0.02281478039421765,-0.01376613455083048
-1.843328857630009,0.02281478039421765,-0.01376613455083048
-1.842828857630009,0.02281478039421765,-0.0134376661316159
-1.842328857630009,0.02281478039421765,-0.01376613455083048
-1.841828857630009,0.02281478039421765,-0.01376613455083048
-1.841328857630009,0.02281478039421765,-0.01376613455083048
-1.840828857630009,0.02281478039421765,-0.01376613455083048
-1.840328857630009,0.02281478039421765,-0.01376613455083048
-1.839828857630009,0.02281478039421765,-0.01376613455083048
-1.839328857630009,0.02281478039421765,-0.01376613455083048
-1.838828857630009,0.02281478039421765,-0.01376613455083048
-1.838328857630009,0.02281478039421765,-0.01376613455083048
-1.837828857630009,0.02281478039421765,-0.01376613455083048
-1.837328857630009,0.02281478039421765,-0.01376613455083048
-1.836828857630009,0.02281478039421765,-0.0134376661316159
-1.836328857630009,0.02281478039421765,-0.0134376661316159
-1.835828857630009,0.02281478039421765,-0.0134376661316159
-1.835328857630009,0.02281478039421765,-0.01376613455083048
-1.834828857630009,0.02281478039421765,-0.0134376661316159
-1.834328857630009,0.02281478039421765,-0.01376613455083048
-1.833828857630009,0.02281478039421765,-0.01376613455083048
-1.833328857630009,0.02281478039421765,-0.01376613455083048
-1.832828857630009,0.02281478039421765,-0.01376613455083048
-1.832328857630009,0.02281478039421765,-0.01376613455083048
-1.831828857630009,0.02281478039421765,-0.01376613455083048
-1.831328857630009,0.02281478039421765,-0.01376613455083048
-1.830828857630009,0.02281478039421765,-0.0134376661316159
-1.830328857630009,0.02281478039421765,-0.01376613455083048
-1.829828857630009,0.02281478039421765,-0.01376613455083048
-1.829328857630009,0.02281478039421765,-0.0134376661316159
-1.828828857630009,0.02281478039421765,-0.01376613455083048
-1.828328857630009,0.02281478039421765,-0.0134376661316159
-1.827828857630009,0.02281478039421765,-0.01376613455083048
-1.827328857630009,0.02281478039421765,-0.01376613455083048
-1.826828857630009,0.02281478039421765,-0.01376613455083048
-1.826328857630009,0.02281478039421765,-0.01376613455083048
-1.825828857630009,0.02281478039421765,-0.01376613455083048
-1.825328857630009,0.02281478039421765,-0.01376613455083048
-1.824828857630009,0.02281478039421765,-0.01376613455083048
-1.824328857630009,0.02281478039421765,-0.01376613455083048
-1.823828857630009,0.02281478039421765,-0.01376613455083048
-1.823328857630009,0.02281478039421765,-0.01376613455083048
-1.822828857630009,0.02281478039421765,-0.01376613455083048
-1.822328857630009,0.02281478039421765,-0.01376613455083048
-1.821828857630009,0.02281478039421765,-0.01376613455083048
-1.821328857630009,0.02281478039421765,-0.01376613455083048
-1.820828857630009,0.02281478039421765,-0.01376613455083048
-1.820328857630009,0.02281478039421765,-0.01376613455083048
-1.819828857630009,0.02281478039421765,-0.01376613455083048
-1.819328857630009,0.02281478039421765,-0.01376613455083048
-1.818828857630009,0.02281478039421765,-0.01376613455083048
-1.818328857630009,0.02281478039421765,-0.01376613455083048
-1.817828857630009,0.02281478039421765,-0.01376613455083048
-1.817328857630009,0.02281478039421765,-0.01376613455083048
-1.816828857630009,0.02281478039421765,-0.01376613455083048
-1.816328857630009,0.02281478039421765,-0.0134376661316159
-1.815828857630009,0.02281478039421765,-0.01376613455083048
-1.815328857630009,0.02281478039421765,-0.0134376661316159
-1.814828857630009,0.02281478039421765,-0.01376613455083048
-1.814328857630009,0.02281478039421765,-0.01376613455083048
-1.813828857630009,0.02281478039421765,-0.0134376661316159
-1.813328857630009,0.02281478039421765,-0.01376613455083048
-1.812828857630009,0.02281478039421765,-0.01376613455083048
-1.812328857630009,0.02281478039421765,-0.0134376661316159
-1.811828857630009,0.02281478039421765,-0.01376613455083048
-1.811328857630009,0.02281478039421765,-0.0134376661316159
-1.810828857630009,0.02281478039421765,-0.01376613455083048
-1.810328857630009,0.02281478039421765,-0.01376613455083048
-1.809828857630009,0.02281478039421765,-0.0134376661316159
-1.809328857630009,0.02281478039421765,-0.0134376661316159
-1.808828857630009,0.02281478039421765,-0.01376613455083048
-1.808328857630009,0.02281478039421765,-0.01376613455083048
-1.807828857630009,0.02281478039421765,-0.0134376661316159
-1.807328857630009,0.02281478039421765,-0.01376613455083048
-1.806828857630009,0.02281478039421765,-0.01376613455083048
-1.806328857630009,0.02281478039421765,-0.01376613455083048
-1.805828857630009,0.02281478039421765,-0.01376613455083048
-1.805328857630009,0.02281478039421765,-0.01376613455083048
-1.804828857630009,0.02281478039421765,-0.0134376661316159
-1.804328857630009,0.02281478039421765,-0.01376613455083048
-1.803828857630009,0.02281478039421765,-0.01376613455083048
-1.803328857630009,0.02281478039421765,-0.01376613455083048
-1.802828857630009,0.02281478039421765,-0.01376613455083048
-1.802328857630009,0.02281478039421765,-0.01376613455083048
-1.801828857630009,0.02281478039421765,-0.0134376661316159
-1.801328857630009,0.02281478039421765,-0.01376613455083048
-1.800828857630009,0.02281478039421765,-0.01376613455083048
-1.800328857630009,0.02281478039421765,-0.01376613455083048
-1.799828857630009,0.02281478039421765,-0.01376613455083048
-1.799328857630009,0.02281478039421765,-0.01376613455083048
-1.798828857630009,0.02281478039421765,-0.0134376661316159
-1.798328857630009,0.02281478039421765,-0.01376613455083048
-1.797828857630009,0.02281478039421765,-0.01376613455083048
-1.797328857630009,0.02281478039421765,-0.0134376661316159
-1.796828857630009,0.02281478039421765,-0.01376613455083048
-1.796328857630009,0.02281478039421765,-0.0134376661316159
-1.795828857630009,0.02281478039421765,-0.0134376661316159
-1.795328857630009,0.02281478039421765,-0.01376613455083048
-1.794828857630009,0.02281478039421765,-0.01376613455083048
-1.794328857630009,0.02281478039421765,-0.0134376661316159
-1.793828857630009,0.02281478039421765,-0.01376613455083048
-1.793328857630009,0.02281478039421765,-0.01376613455083048
-1.792828857630009,0.02281478039421765,-0.0134376661316159
-1.792328857630009,0.02281478039421765,-0.01376613455083048
-1.791828857630009,0.02281478039421765,-0.01376613455083048
-1.791328857630009,0.02281478039421765,-0.01376613455083048
-1.790828857630009,0.02281478039421765,-0.01376613455083048
-1.790328857630009,0.02281478039421765,-0.01376613455083048
-1.789828857630009,0.02281478039421765,-0.01376613455083048
-1.789328857630009,0.02281478039421765,-0.0134376661316159
-1.788828857630009,0.02281478039421765,-0.01376613455083048
-1.788328857630009,0.02281478039421765,-0.0134376661316159
-1.787828857630009,0.02281478039421765,-0.0134376661316159
-1.787328857630009,0.02281478039421765,-0.01376613455083048
-1.786828857630009,0.02281478039421765,-0.01376613455083048
-1.786328857630009,0.02281478039421765,-0.0134376661316159
-1.785828857630009,0.02281478039421765,-0.01376613455083048
-1.785328857630009,0.02281478039421765,-0.01376613455083048
-1.784828857630009,0.02281478039421765,-0.01376613455083048
-1.784328857630009,0.02281478039421765,-0.01376613455083048
-1.783828857630009,0.02281478039421765,-0.01376613455083048
-1.783328857630009,0.02281478039421765,-0.0134376661316159
-1.782828857630009,0.02281478039421765,-0.01376613455083048
-1.782328857630009,0.02281478039421765,-0.01376613455083048
-1.781828857630009,0.02281478039421765,-0.0134376661316159
-1.781328857630009,0.02281478039421765,-0.01376613455083048
-1.780828857630009,0.02281478039421765,-0.01376613455083048
-1.780328857630009,0.02281478039421765,-0.01376613455083048
-1.779828857630009,0.02281478039421765,-0.01376613455083048
-1.779328857630009,0.02281478039421765,-0.0134376661316159
-1.778828857630009,0.02281478039421765,-0.01376613455083048
-1.778328857630009,0.02281478039421765,-0.01376613455083048
-1.777828857630009,0.02281478039421765,-0.01376613455083048
-1.777328857630009,0.02281478039421765,-0.01376613455083048
-1.776828857630009,0.02281478039421765,-0.01376613455083048
-1.776328857630009,0.02281478039421765,-0.01376613455083048
-1.775828857630009,0.02281478039421765,-0.01376613455083048
-1.775328857630009,0.02281478039421765,-0.0134376661316159
-1.774828857630009,0.02281478039421765,-0.01376613455083048
-1.774328857630009,0.02281478039421765,-0.0134376661316159
-1.773828857630009,0.02281478039421765,-0.0134376661316159
-1.773328857630009,0.02281478039421765,-0.01376613455083048
-1.772828857630009,0.02281478039421765,-0.0134376661316159
-1.772328857630009,0.02281478039421765,-0.0134376661316159
-1.771828857630009,0.02281478039421765,-0.0134376661316159
-1.771328857630009,0.02281478039421765,-0.01376613455083048
-1.770828857630009,0.02281478039421765,-0.0134376661316159
-1.770328857630009,0.02281478039421765,-0.0134376661316159
-1.769828857630009,0.02281478039421765,-0.01376613455083048
-1.769328857630009,0.02281478039421765,-0.0134376661316159
-1.768828857630009,0.02281478039421765,-0.0134376661316159
-1.768328857630009,0.02281478039421765,-0.0134376661316159
-1.767828857630009,0.02281478039421765,-0.0134376661316159
-1.767328857630009,0.02281478039421765,-0.01376613455083048
-1.766828857630009,0.02281478039421765,-0.01376613455083048
-1.766328857630009,0.02281478039421765,-0.01376613455083048
-1.765828857630009,0.02281478039421765,-0.01376613455083048
-1.765328857630009,0.02281478039421765,-0.01376613455083048
-1.764828857630009,0.02281478039421765,-0.01376613455083048
-1.764328857630009,0.02281478039421765,-0.01376613455083048
-1.763828857630009,0.02281478039421765,-0.01376613455083048
-1.763328857630009,0.02281478039421765,-0.01376613455083048
-1.762828857630009,0.02281478039421765,-0.01376613455083048
-1.762328857630009,0.02281478039421765,-0.01376613455083048
-1.761828857630009,0.02281478039421765,-0.01376613455083048
-1.761328857630009,0.02281478039421765,-0.01376613455083048
-1.760828857630009,0.02281478039421765,-0.0134376661316159
-1.760328857630009,0.02281478039421765,-0.0134376661316159
-1.759828857630009,0.02281478039421765,-0.01376613455083048
-1.759328857630009,0.02281478039421765,-0.0134376661316159
-1.758828857630009,0.02281478039421765,-0.0134376661316159
-1.758328857630009,0.02281478039421765,-0.0134376661316159
-1.757828857630009,0.02281478039421765,-0.0134376661316159
-1.757328857630009,0.02281478039421765,-0.0134376661316159
-1.756828857630009,0.02281478039421765,-0.01376613455083048
-1.756328857630009,0.02281478039421765,-0.0134376661316159
-1.755828857630009,0.02281478039421765,-0.0134376661316159
-1.755328857630009,0.02281478039421765,-0.0134376661316159
-1.754828857630009,0.02281478039421765,-0.01376613455083048
-1.754328857630009,0.02281478039421765,-0.0134376661316159
-1.753828857630009,0.02281478039421765,-0.0134376661316159
-1.753328857630009,0.02281478039421765,-0.0134376661316159
-1.752828857630009,0.02281478039421765,-0.0134376661316159
-1.752328857630009,0.02281478039421765,-0.0134376661316159
-1.751828857630009,0.02281478039421765,-0.0134376661316159
-1.751328857630009,0.02281478039421765,-0.0134376661316159
-1.750828857630009,0.02281478039421765,-0.0134376661316159
-1.750328857630009,0.02281478039421765,-0.0134376661316159
-1.749828857630009,0.02281478039421765,-0.0134376661316159
-1.749328857630009,0.02281478039421765,-0.0134376661316159
-1.748828857630009,0.02281478039421765,-0.0134376661316159
-1.748328857630009,0.02281478039421765,-0.0134376661316159
-1.747828857630009,0.02281478039421765,-0.0134376661316159
-1.747328857630009,0.02281478039421765,-0.0134376661316159
-1.746828857630009,0.02281478039421765,-0.0134376661316159
-1.746328857630009,0.02281478039421765,-0.0134376661316159
-1.745828857630009,0.02281478039421765,-0.0134376661316159
-1.745328857630009,0.02281478039421765,-0.0134376661316159
-1.744828857630009,0.02281478039421765,-0.0134376661316159
-1.744328857630009,0.02281478039421765,-0.01376613455083048
-1.743828857630009,0.02281478039421765,-0.0134376661316159
-1.743328857630009,0.02281478039421765,-0.0134376661316159
-1.742828857630009,0.02281478039421765,-0.0134376661316159
-1.742328857630009,0.02281478039421765,-0.01376613455083048
-1.741828857630009,0.02281478039421765,-0.0134376661316159
-1.741328857630009,0.02281478039421765,-0.0134376661316159
-1.740828857630009,0.02281478039421765,-0.0134376661316159
-1.740328857630009,0.02281478039421765,-0.0134376661316159
-1.739828857630009,0.02281478039421765,-0.0134376661316159
-1.739328857630009,0.02281478039421765,-0.0134376661316159
-1.738828857630009,0.02281478039421765,-0.0134376661316159
-1.738328857630009,0.02281478039421765,-0.01376613455083048
-1.737828857630009,0.02281478039421765,-0.01376613455083048
-1.737328857630009,0.02281478039421765,-0.0134376661316159
-1.736828857630009,0.02281478039421765,-0.01376613455083048
-1.736328857630009,0.02281478039421765,-0.01376613455083048
-1.735828857630009,0.02281478039421765,-0.0134376661316159
-1.735328857630009,0.02281478039421765,-0.0134376661316159
-1.734828857630009,0.02281478039421765,-0.0134376661316159
-1.734328857630009,0.02281478039421765,-0.0134376661316159
-1.733828857630009,0.02281478039421765,-0.0134376661316159
-1.733328857630009,0.02281478039421765,-0.0134376661316159
-1.732828857630009,0.02281478039421765,-0.01376613455083048
-1.732328857630009,0.02281478039421765,-0.0134376661316159
-1.731828857630009,0.02281478039421765,-0.0134376661316159
-1.731328857630009,0.02281478039421765,-0.0134376661316159
-1.730828857630009,0.02281478039421765,-0.0134376661316159
-1.730328857630009,0.02281478039421765,-0.0134376661316159
-1.729828857630009,0.02281478039421765,-0.0134376661316159
-1.729328857630009,0.02281478039421765,-0.0134376661316159
-1.728828857630009,0.02281478039421765,-0.0134376661316159
-1.728328857630009,0.02281478039421765,-0.0134376661316159
-1.727828857630009,0.02281478039421765,-0.0134376661316159
-1.727328857630009,0.02281478039421765,-0.0134376661316159
-1.726828857630009,0.02281478039421765,-0.0134376661316159
-1.726328857630009,0.02281478039421765,-0.0134376661316159
-1.725828857630009,0.02281478039421765,-0.0134376661316159
-1.725328857630009,0.02281478039421765,-0.0134376661316159
-1.724828857630009,0.02281478039421765,-0.0134376661316159
-1.724328857630009,0.02281478039421765,-0.01376613455083048
-1.723828857630009,0.02281478039421765,-0.01376613455083048
-1.723328857630009,0.02281478039421765,-0.01376613455083048
-1.722828857630009,0.02281478039421765,-0.01376613455083048
-1.722328857630009,0.02281478039421765,-0.01376613455083048
-1.721828857630009,0.02281478039421765,-0.01376613455083048
-1.721328857630009,0.02281478039421765,-0.01376613455083048
-1.720828857630009,0.02281478039421765,-0.01376613455083048
-1.720328857630009,0.02281478039421765,-0.01376613455083048
-1.719828857630009,0.02281478039421765,-0.01376613455083048
-1.719328857630009,0.02281478039421765,-0.01376613455083048
-1.718828857630009,0.02281478039421765,-0.01376613455083048
-1.718328857630009,0.02281478039421765,-0.01376613455083048
-1.717828857630009,0.02281478039421765,-0.0134376661316159
-1.717328857630009,0.02281478039421765,-0.01376613455083048
-1.716828857630009,0.02281478039421765,-0.0134376661316159
-1.716328857630009,0.02281478039421765,-0.01376613455083048
-1.715828857630009,0.02281478039421765,-0.0134376661316159
-1.715328857630009,0.02281478039421765,-0.01376613455083048
-1.714828857630009,0.02281478039421765,-0.01376613455083048
-1.714328857630009,0.02281478039421765,-0.01376613455083048
-1.713828857630009,0.02281478039421765,-0.01376613455083048
-1.713328857630009,0.02281478039421765,-0.01376613455083048
-1.712828857630009,0.02281478039421765,-0.0134376661316159
-1.712328857630009,0.02281478039421765,-0.01376613455083048
-1.711828857630009,0.02281478039421765,-0.0134376661316159
-1.711328857630009,0.02281478039421765,-0.01376613455083048
-1.710828857630009,0.02281478039421765,-0.0134376661316159
-1.710328857630009,0.02281478039421765,-0.0134376661316159
-1.709828857630009,0.02281478039421765,-0.01376613455083048
-1.709328857630009,0.02281478039421765,-0.0134376661316159
-1.708828857630009,0.02281478039421765,-0.01376613455083048
-1.708328857630009,0.02281478039421765,-0.01376613455083048
-1.707828857630009,0.02281478039421765,-0.0134376661316159
-1.707328857630009,0.02281478039421765,-0.01376613455083048
-1.706828857630009,0.02281478039421765,-0.0134376661316159
-1.706328857630009,0.02281478039421765,-0.01376613455083048
-1.705828857630009,0.02281478039421765,-0.01376613455083048
-1.705328857630009,0.02281478039421765,-0.01376613455083048
-1.704828857630009,0.02281478039421765,-0.01376613455083048
-1.704328857630009,0.02281478039421765,-0.0134376661316159
-1.703828857630009,0.02281478039421765,-0.01376613455083048
-1.703328857630009,0.02281478039421765,-0.0134376661316159
-1.702828857630009,0.02281478039421765,-0.01376613455083048
-1.702328857630009,0.02281478039421765,-0.0134376661316159
-1.701828857630009,0.02281478039421765,-0.01376613455083048
-1.701328857630009,0.02281478039421765,-0.01376613455083048
-1.700828857630009,0.02281478039421765,-0.01376613455083048
-1.700328857630009,0.02281478039421765,-0.01376613455083048
-1.699828857630009,0.02281478039421765,-0.01376613455083048
-1.699328857630009,0.02281478039421765,-0.01376613455083048
-1.698828857630009,0.02281478039421765,-0.0134376661316159
-1.698328857630009,0.02281478039421765,-0.01376613455083048
-1.697828857630009,0.02281478039421765,-0.0134376661316159
-1.697328857630009,0.02281478039421765,-0.01376613455083048
-1.696828857630009,0.02281478039421765,-0.0134376661316159
-1.696328857630009,0.02281478039421765,-0.01376613455083048
-1.695828857630009,0.02281478039421765,-0.0134376661316159
-1.695328857630009,0.02281478039421765,-0.0134376661316159
-1.694828857630009,0.02281478039421765,-0.01376613455083048
-1.694328857630009,0.02281478039421765,-0.0134376661316159
-1.693828857630009,0.02281478039421765,-0.01376613455083048
-1.693328857630009,0.02281478039421765,-0.0134376661316159
-1.692828857630009,0.02281478039421765,-0.01376613455083048
-1.692328857630009,0.02281478039421765,-0.0134376661316159
-1.691828857630009,0.02648588826750321,-0.01376613455083048
-1.691328857630009,0.02281478039421765,-0.0134376661316159
-1.690828857630009,0.02281478039421765,-0.01376613455083048
-1.690328857630009,0.02281478039421765,-0.01376613455083048
-1.689828857630009,0.02281478039421765,-0.0134376661316159
-1.689328857630009,0.02281478039421765,-0.01376613455083048
-1.688828857630009,0.02281478039421765,-0.0134376661316159
-1.688328857630009,0.02281478039421765,-0.01376613455083048
-1.687828857630009,0.02281478039421765,-0.0134376661316159
-1.687328857630009,0.02281478039421765,-0.0134376661316159
-1.686828857630009,0.02281478039421765,-0.0134376661316159
-1.686328857630009,0.02281478039421765,-0.0134376661316159
-1.685828857630009,0.02281478039421765,-0.01376613455083048
-1.685328857630009,0.02281478039421765,-0.0134376661316159
-1.684828857630009,0.02281478039421765,-0.01376613455083048
-1.684328857630009,0.02281478039421765,-0.0134376661316159
-1.683828857630009,0.02281478039421765,-0.0134376661316159
-1.683328857630009,0.02281478039421765,-0.0134376661316159
-1.682828857630009,0.02281478039421765,-0.0134376661316159
-1.682328857630009,0.02281478039421765,-0.0134376661316159
-1.681828857630009,0.02281478039421765,-0.0134376661316159
-1.681328857630009,0.02281478039421765,-0.0134376661316159
-1.680828857630009,0.02281478039421765,-0.01376613455083048
-1.680328857630009,0.02281478039421765,-0.01376613455083048
-1.679828857630009,0.02281478039421765,-0.0134376661316159
-1.679328857630009,0.02281478039421765,-0.0134376661316159
-1.678828857630009,0.02281478039421765,-0.01376613455083048
-1.678328857630009,0.02281478039421765,-0.0134376661316159
-1.677828857630009,0.02281478039421765,-0.01376613455083048
-1.677328857630009,0.02281478039421765,-0.0134376661316159
-1.676828857630009,0.02281478039421765,-0.01376613455083048
-1.676328857630009,0.02281478039421765,-0.01376613455083048
-1.675828857630009,0.02281478039421765,-0.0134376661316159
-1.675328857630009,0.02281478039421765,-0.01376613455083048
-1.674828857630009,0.02281478039421765,-0.0134376661316159
-1.674328857630009,0.02281478039421765,-0.01376613455083048
-1.673828857630009,0.02281478039421765,-0.0134376661316159
-1.673328857630009,0.02281478039421765,-0.0134376661316159
-1.672828857630009,0.02281478039421765,-0.01376613455083048
-1.672328857630009,0.02281478039421765,-0.0134376661316159
-1.671828857630009,0.02281478039421765,-0.01376613455083048
-1.671328857630009,0.02281478039421765,-0.0134376661316159
-1.670828857630009,0.02281478039421765,-0.0134376661316159
-1.670328857630009,0.02281478039421765,-0.0134376661316159
-1.669828857630009,0.02281478039421765,-0.01376613455083048
-1.669328857630009,0.02281478039421765,-0.0134376661316159
-1.668828857630009,0.02281478039421765,-0.0134376661316159
-1.668328857630009,0.02281478039421765,-0.01376613455083048
-1.667828857630009,0.02281478039421765,-0.0134376661316159
-1.667328857630009,0.02281478039421765,-0.01376613455083048
-1.666828857630009,0.02281478039421765,-0.01376613455083048
-1.666328857630009,0.02281478039421765,-0.0134376661316159
-1.665828857630009,0.02281478039421765,-0.01376613455083048
-1.665328857630009,0.02281478039421765,-0.01376613455083048
-1.664828857630009,0.02281478039421765,-0.0134376661316159
-1.664328857630009,0.02281478039421765,-0.01376613455083048
-1.663828857630009,0.02281478039421765,-0.01376613455083048
-1.663328857630009,0.02281478039421765,-0.0134376661316159
-1.662828857630009,0.02281478039421765,-0.0134376661316159
-1.662328857630009,0.02281478039421765,-0.01376613455083048
-1.661828857630009,0.02281478039421765,-0.0134376661316159
-1.661328857630009,0.02281478039421765,-0.01376613455083048
-1.660828857630009,0.02281478039421765,-0.0134376661316159
-1.660328857630009,0.02281478039421765,-0.01376613455083048
-1.659828857630009,0.02281478039421765,-0.01376613455083048
-1.659328857630009,0.02281478039421765,-0.0134376661316159
-1.658828857630009,0.02281478039421765,-0.0134376661316159
-1.658328857630009,0.02281478039421765,-0.0134376661316159
-1.657828857630009,0.02281478039421765,-0.0134376661316159
-1.657328857630009,0.02281478039421765,-0.0134376661316159
-1.656828857630009,0.02281478039421765,-0.0134376661316159
-1.656328857630009,0.02281478039421765,-0.0134376661316159
-1.655828857630009,0.02281478039421765,-0.0134376661316159
-1.655328857630009,0.02281478039421765,-0.0134376661316159
-1.654828857630009,0.02281478039421765,-0.01376613455083048
-1.654328857630009,0.02281478039421765,-0.01376613455083048
-1.653828857630009,0.02281478039421765,-0.0134376661316159
-1.653328857630009,0.02281478039421765,-0.01376613455083048
-1.652828857630009,0.02281478039421765,-0.0134376661316159
-1.652328857630009,0.02281478039421765,-0.01376613455083048
-1.651828857630009,0.02281478039421765,-0.0134376661316159
-1.651328857630009,0.02281478039421765,-0.01376613455083048
-1.650828857630009,0.02281478039421765,-0.01376613455083048
-1.650328857630009,0.02281478039421765,-0.0134376661316159
-1.649828857630009,0.02281478039421765,-0.01376613455083048
-1.649328857630009,0.02281478039421765,-0.0134376661316159
-1.648828857630009,0.02281478039421765,-0.01376613455083048
-1.648328857630009,0.02281478039421765,-0.0134376661316159
-1.647828857630009,0.02281478039421765,-0.01376613455083048
-1.647328857630009,0.02281478039421765,-0.01376613455083048
-1.646828857630009,0.02281478039421765,-0.0134376661316159
-1.646328857630009,0.02281478039421765,-0.01376613455083048
-1.645828857630009,0.02281478039421765,-0.0134376661316159
-1.645328857630009,0.02281478039421765,-0.01376613455083048
-1.644828857630009,0.02281478039421765,-0.0134376661316159
-1.644328857630009,0.02281478039421765,-0.0134376661316159
-1.643828857630009,0.02281478039421765,-0.01376613455083048
-1.643328857630009,0.02281478039421765,-0.0134376661316159
-1.642828857630009,0.02281478039421765,-0.01376613455083048
-1.642328857630009,0.02281478039421765,-0.0134376661316159
-1.641828857630009,0.02281478039421765,-0.01376613455083048
-1.641328857630009,0.02281478039421765,-0.0134376661316159
-1.640828857630009,0.02281478039421765,-0.01376613455083048
-1.640328857630009,0.02281478039421765,-0.0134376661316159
-1.639828857630009,0.02281478039421765,-0.01376613455083048
-1.639328857630009,0.02281478039421765,-0.01376613455083048
-1.638828857630009,0.02281478039421765,-0.0134376661316159
-1.638328857630009,0.02281478039421765,-0.01376613455083048
-1.637828857630009,0.02281478039421765,-0.01376613455083048
-1.637328857630009,0.02281478039421765,-0.01376613455083048
-1.636828857630009,0.02281478039421765,-0.0134376661316159
-1.636328857630009,0.02281478039421765,-0.01376613455083048
-1.635828857630009,0.02281478039421765,-0.0134376661316159
-1.635328857630009,0.02281478039421765,-0.01376613455083048
-1.634828857630009,0.02281478039421765,-0.0134376661316159
-1.634328857630009,0.02281478039421765,-0.01376613455083048
-1.633828857630009,0.02281478039421765,-0.01376613455083048
-1.633328857630009,0.02281478039421765,-0.0134376661316159
-1.632828857630009,0.02281478039421765,-0.01376613455083048
-1.632328857630009,0.02281478039421765,-0.0134376661316159
-1.631828857630009,0.02281478039421765,-0.0134376661316159
-1.631328857630009,0.02281478039421765,-0.01376613455083048
-1.630828857630009,0.02281478039421765,-0.0134376661316159
-1.630328857630009,0.02281478039421765,-0.01376613455083048
-1.629828857630009,0.02281478039421765,-0.0134376661316159
-1.629328857630009,0.02281478039421765,-0.01376613455083048
-1.628828857630009,0.02281478039421765,-0.0134376661316159
-1.628328857630009,0.02281478039421765,-0.01376613455083048
-1.627828857630009,0.02281478039421765,-0.0134376661316159
-1.627328857630009,0.02281478039421765,-0.01376613455083048
-1.626828857630009,0.02281478039421765,-0.01376613455083048
-1.626328857630009,0.02281478039421765,-0.01376613455083048
-1.625828857630009,0.02281478039421765,-0.01376613455083048
-1.625328857630009,0.02281478039421765,-0.0134376661316159
-1.624828857630009,0.02281478039421765,-0.0134376661316159
-1.624328857630009,0.02281478039421765,-0.0134376661316159
-1.623828857630009,0.02281478039421765,-0.01376613455083048
-1.623328857630009,0.02281478039421765,-0.01376613455083048
-1.622828857630009,0.02281478039421765,-0.01376613455083048
-1.622328857630009,0.02281478039421765,-0.01376613455083048
-1.621828857630009,0.02281478039421765,-0.01376613455083048
-1.621328857630009,0.02281478039421765,-0.01376613455083048
-1.620828857630009,0.02281478039421765,-0.01376613455083048
-1.620328857630009,0.02281478039421765,-0.01376613455083048
-1.619828857630009,0.02281478039421765,-0.01376613455083048
-1.619328857630009,0.02281478039421765,-0.01376613455083048
-1.618828857630009,0.02281478039421765,-0.0134376661316159
-1.618328857630009,0.02281478039421765,-0.01376613455083048
-1.617828857630009,0.02281478039421765,-0.01376613455083048
-1.617328857630009,0.02281478039421765,-0.01376613455083048
-1.616828857630009,0.02281478039421765,-0.01376613455083048
-1.616328857630009,0.02281478039421765,-0.0134376661316159
-1.615828857630009,0.02281478039421765,-0.01376613455083048
-1.615328857630009,0.02281478039421765,-0.0134376661316159
-1.614828857630009,0.02281478039421765,-0.01376613455083048
-1.614328857630009,0.02281478039421765,-0.0134376661316159
-1.613828857630009,0.02281478039421765,-0.01376613455083048
-1.613328857630009,0.02281478039421765,-0.01376613455083048
-1.612828857630009,0.02281478039421765,-0.01376613455083048
-1.612328857630009,0.02281478039421765,-0.01376613455083048
-1.611828857630009,0.02281478039421765,-0.0134376661316159
-1.611328857630009,0.02281478039421765,-0.01376613455083048
-1.610828857630009,0.02281478039421765,-0.01376613455083048
-1.610328857630009,0.02281478039421765,-0.01376613455083048
-1.609828857630009,0.02281478039421765,-0.01376613455083048
-1.609328857630009,0.02281478039421765,-0.0134376661316159
-1.608828857630009,0.02281478039421765,-0.01376613455083048
-1.608328857630009,0.02281478039421765,-0.0134376661316159
-1.607828857630009,0.02281478039421765,-0.01376613455083048
-1.607328857630009,0.02281478039421765,-0.01376613455083048
-1.606828857630009,0.02281478039421765,-0.01376613455083048
-1.606328857630009,0.02281478039421765,-0.0134376661316159
-1.605828857630009,0.02281478039421765,-0.01376613455083048
-1.605328857630009,0.02281478039421765,-0.0134376661316159
-1.604828857630009,0.02281478039421765,-0.01376613455083048
-1.604328857630009,0.02281478039421765,-0.01376613455083048
-1.603828857630009,0.02281478039421765,-0.0134376661316159
-1.603328857630009,0.02281478039421765,-0.01376613455083048
-1.602828857630009,0.02281478039421765,-0.0134376661316159
-1.602328857630009,0.02281478039421765,-0.01376613455083048
-1.601828857630009,0.02281478039421765,-0.0134376661316159
-1.601328857630009,0.02281478039421765,-0.01376613455083048
-1.600828857630009,0.02281478039421765,-0.01376613455083048
-1.600328857630009,0.02281478039421765,-0.01376613455083048
-1.599828857630009,0.02281478039421765,-0.01376613455083048
-1.599328857630009,0.02281478039421765,-0.0134376661316159
-1.598828857630009,0.02281478039421765,-0.01376613455083048
-1.598328857630009,0.02281478039421765,-0.01376613455083048
-1.597828857630009,0.02281478039421765,-0.01376613455083048
-1.597328857630009,0.02281478039421765,-0.01376613455083048
-1.596828857630009,0.02281478039421765,-0.01376613455083048
-1.596328857630009,0.02281478039421765,-0.01376613455083048
-1.595828857630009,0.02281478039421765,-0.0134376661316159
-1.595328857630009,0.02281478039421765,-0.01376613455083048
-1.594828857630009,0.02281478039421765,-0.01376613455083048
-1.594328857630009,0.02281478039421765,-0.0134376661316159
-1.593828857630009,0.02281478039421765,-0.01376613455083048
-1.593328857630009,0.02281478039421765,-0.01376613455083048
-1.592828857630009,0.02281478039421765,-0.01376613455083048
-1.592328857630009,0.02281478039421765,-0.01376613455083048
-1.591828857630009,0.02281478039421765,-0.01376613455083048
-1.591328857630009,0.02281478039421765,-0.01376613455083048
-1.590828857630009,0.02281478039421765,-0.01376613455083048
-1.590328857630009,0.02281478039421765,-0.01376613455083048
-1.589828857630009,0.02281478039421765,-0.01376613455083048
-1.589328857630009,0.02281478039421765,-0.01376613455083048
-1.588828857630009,0.02281478039421765,-0.01376613455083048
-1.588328857630009,0.02281478039421765,-0.01376613455083048
-1.587828857630009,0.02281478039421765,-0.0134376661316159
-1.587328857630009,0.02281478039421765,-0.01376613455083048
-1.586828857630009,0.02281478039421765,-0.0134376661316159
-1.586328857630009,0.02281478039421765,-0.01376613455083048
-1.585828857630009,0.02281478039421765,-0.01376613455083048
-1.585328857630009,0.02281478039421765,-0.01376613455083048
-1.584828857630009,0.02281478039421765,-0.01376613455083048
-1.584328857630009,0.02281478039421765,-0.0134376661316159
-1.583828857630009,0.02281478039421765,-0.01376613455083048
-1.583328857630009,0.02281478039421765,-0.0134376661316159
-1.582828857630009,0.02281478039421765,-0.01376613455083048
-1.582328857630009,0.02281478039421765,-0.01376613455083048
-1.581828857630009,0.02281478039421765,-0.0134376661316159
-1.581328857630009,0.02281478039421765,-0.01376613455083048
-1.580828857630009,0.02281478039421765,-0.0134376661316159
-1.580328857630009,0.02281478039421765,-0.01376613455083048
-1.579828857630009,0.02281478039421765,-0.01376613455083048
-1.579328857630009,0.02281478039421765,-0.01376613455083048
-1.578828857630009,0.02281478039421765,-0.01376613455083048
-1.578328857630009,0.02281478039421765,-0.01376613455083048
-1.577828857630009,0.02281478039421765,-0.01376613455083048
-1.577328857630009,0.02281478039421765,-0.01376613455083048
-1.576828857630009,0.02281478039421765,-0.01376613455083048
-1.576328857630009,0.02281478039421765,-0.0134376661316159
-1.575828857630009,0.02281478039421765,-0.01376613455083048
-1.575328857630009,0.02281478039421765,-0.01376613455083048
-1.574828857630009,0.02281478039421765,-0.0134376661316159
-1.574328857630009,0.02281478039421765,-0.01376613455083048
-1.573828857630009,0.02281478039421765,-0.01376613455083048
-1.573328857630009,0.02281478039421765,-0.01376613455083048
-1.572828857630009,0.02281478039421765,-0.0134376661316159
-1.572328857630009,0.02281478039421765,-0.01376613455083048
-1.571828857630009,0.02281478039421765,-0.01376613455083048
-1.571328857630009,0.02281478039421765,-0.01376613455083048
-1.570828857630009,0.02281478039421765,-0.01376613455083048
-1.570328857630009,0.02281478039421765,-0.0134376661316159
-1.569828857630009,0.02281478039421765,-0.01376613455083048
-1.569328857630009,0.02281478039421765,-0.01376613455083048
-1.568828857630009,0.02281478039421765,-0.01376613455083048
-1.568328857630009,0.02281478039421765,-0.01376613455083048
-1.567828857630009,0.02281478039421765,-0.0134376661316159
-1.567328857630009,0.02281478039421765,-0.01376613455083048
-1.566828857630009,0.02281478039421765,-0.01376613455083048
-1.566328857630009,0.02281478039421765,-0.01376613455083048
-1.565828857630009,0.02281478039421765,-0.01376613455083048
-1.565328857630009,0.02281478039421765,-0.01376613455083048
-1.564828857630009,0.02281478039421765,-0.01376613455083048
-1.564328857630009,0.02281478039421765,-0.01376613455083048
-1.563828857630009,0.02281478039421765,-0.01376613455083048
-1.563328857630009,0.02281478039421765,-0.01376613455083048
-1.562828857630009,0.02281478039421765,-0.01376613455083048
-1.562328857630009,0.02281478039421765,-0.01376613455083048
-1.561828857630009,0.02281478039421765,-0.01376613455083048
-1.561328857630009,0.02281478039421765,-0.0134376661316159
-1.560828857630009,0.02281478039421765,-0.0134376661316159
-1.560328857630009,0.02281478039421765,-0.01376613455083048
-1.559828857630009,0.02281478039421765,-0.01376613455083048
-1.559328857630009,0.02281478039421765,-0.0134376661316159
-1.558828857630009,0.02281478039421765,-0.01376613455083048
-1.558328857630009,0.02281478039421765,-0.01376613455083048
-1.557828857630009,0.02281478039421765,-0.01376613455083048
-1.557328857630009,0.02281478039421765,-0.01376613455083048
-1.556828857630009,0.02281478039421765,-0.01376613455083048
-1.556328857630009,0.02281478039421765,-0.0134376661316159
-1.555828857630009,0.02281478039421765,-0.01376613455083048
-1.555328857630009,0.02281478039421765,-0.0134376661316159
-1.554828857630009,0.02281478039421765,-0.0134376661316159
-1.554328857630009,0.02281478039421765,-0.0134376661316159
-1.553828857630009,0.02281478039421765,-0.0134376661316159
-1.553328857630009,0.02281478039421765,-0.01376613455083048
-1.552828857630009,0.02281478039421765,-0.0134376661316159
-1.552328857630009,0.02281478039421765,-0.0134376661316159
-1.551828857630009,0.02281478039421765,-0.0134376661316159
-1.551328857630009,0.02281478039421765,-0.0134376661316159
-1.550828857630009,0.01914367252093209,-0.0134376661316159
-1.550328857630009,0.02281478039421765,-0.0134376661316159
-1.549828857630009,0.02281478039421765,-0.0134376661316159
-1.549328857630009,0.02281478039421765,-0.0134376661316159
-1.548828857630009,0.02281478039421765,-0.01376613455083048
-1.548328857630009,0.02281478039421765,-0.0134376661316159
-1.547828857630009,0.02281478039421765,-0.0134376661316159
-1.547328857630009,0.02281478039421765,-0.0134376661316159
-1.546828857630009,0.02281478039421765,-0.01376613455083048
-1.546328857630009,0.02281478039421765,-0.01376613455083048
-1.545828857630009,0.02281478039421765,-0.0134376661316159
-1.545328857630009,0.02281478039421765,-0.01376613455083048
-1.544828857630009,0.02281478039421765,-0.01376613455083048
-1.544328857630009,0.02281478039421765,-0.0134376661316159
-1.543828857630009,0.02281478039421765,-0.0134376661316159
-1.543328857630009,0.02281478039421765,-0.01376613455083048
-1.542828857630009,0.02281478039421765,-0.01376613455083048
-1.542328857630009,0.02281478039421765,-0.01376613455083048
-1.541828857630009,0.02281478039421765,-0.0134376661316159
-1.541328857630009,0.02281478039421765,-0.01376613455083048
-1.540828857630009,0.02281478039421765,-0.0134376661316159
-1.540328857630009,0.02281478039421765,-0.01376613455083048
-1.539828857630009,0.02281478039421765,-0.01376613455083048
-1.539328857630009,0.02281478039421765,-0.01376613455083048
-1.538828857630009,0.02281478039421765,-0.01376613455083048
-1.538328857630009,0.02281478039421765,-0.01376613455083048
-1.537828857630009,0.02281478039421765,-0.01376613455083048
-1.537328857630009,0.02281478039421765,-0.01376613455083048
-1.536828857630009,0.02281478039421765,-0.01376613455083048
-1.536328857630009,0.02281478039421765,-0.01376613455083048
-1.535828857630009,0.02281478039421765,-0.01376613455083048
-1.535328857630009,0.02281478039421765,-0.01376613455083048
-1.534828857630009,0.02281478039421765,-0.01376613455083048
-1.534328857630009,0.02281478039421765,-0.01376613455083048
-1.533828857630009,0.02281478039421765,-0.01376613455083048
-1.533328857630009,0.02281478039421765,-0.01376613455083048
-1.532828857630009,0.02281478039421765,-0.01376613455083048
-1.532328857630009,0.02281478039421765,-0.01376613455083048
-1.531828857630009,0.02281478039421765,-0.0134376661316159
-1.531328857630009,0.02281478039421765,-0.01376613455083048
-1.530828857630009,0.02281478039421765,-0.01376613455083048
-1.530328857630009,0.02281478039421765,-0.01376613455083048
-1.529828857630009,0.02281478039421765,-0.01376613455083048
-1.529328857630009,0.02281478039421765,-0.01376613455083048
-1.528828857630009,0.02281478039421765,-0.01376613455083048
-1.528328857630009,0.02281478039421765,-0.01376613455083048
-1.527828857630009,0.02281478039421765,-0.01376613455083048
-1.527328857630009,0.02281478039421765,-0.01376613455083048
-1.526828857630009,0.02281478039421765,-0.01376613455083048
-1.526328857630009,0.02281478039421765,-0.01376613455083048
-1.525828857630009,0.02281478039421765,-0.01376613455083048
-1.525328857630009,0.02281478039421765,-0.01376613455083048
-1.524828857630009,0.02281478039421765,-0.01376613455083048
-1.524328857630009,0.02281478039421765,-0.01376613455083048
-1.523828857630009,0.02281478039421765,-0.01376613455083048
-1.523328857630009,0.02281478039421765,-0.01376613455083048
-1.522828857630009,0.02281478039421765,-0.01376613455083048
-1.522328857630009,0.02281478039421765,-0.01376613455083048
-1.521828857630009,0.02281478039421765,-0.01376613455083048
-1.521328857630009,0.02281478039421765,-0.01376613455083048
-1.520828857630009,0.02281478039421765,-0.01376613455083048
-1.520328857630009,0.02281478039421765,-0.0134376661316159
-1.519828857630009,0.02281478039421765,-0.01376613455083048
-1.519328857630009,0.02281478039421765,-0.01376613455083048
-1.518828857630009,0.02281478039421765,-0.0134376661316159
-1.518328857630009,0.02281478039421765,-0.01376613455083048
-1.517828857630009,0.02281478039421765,-0.01376613455083048
-1.517328857630009,0.02281478039421765,-0.0134376661316159
-1.516828857630009,0.02281478039421765,-0.01376613455083048
-1.516328857630009,0.02281478039421765,-0.0134376661316159
-1.515828857630009,0.02281478039421765,-0.01376613455083048
-1.515328857630009,0.02281478039421765,-0.0134376661316159
-1.514828857630009,0.02281478039421765,-0.01376613455083048
-1.514328857630009,0.02281478039421765,-0.01376613455083048
-1.513828857630009,0.02281478039421765,-0.01376613455083048
-1.513328857630009,0.02281478039421765,-0.01376613455083048
-1.512828857630009,0.02281478039421765,-0.01376613455083048
-1.512328857630009,0.02281478039421765,-0.01376613455083048
-1.511828857630009,0.02281478039421765,-0.01376613455083048
-1.511328857630009,0.02281478039421765,-0.0134376661316159
-1.510828857630009,0.02281478039421765,-0.01376613455083048
-1.510328857630009,0.02281478039421765,-0.0134376661316159
-1.509828857630009,0.02281478039421765,-0.01376613455083048
-1.509328857630009,0.02281478039421765,-0.01376613455083048
-1.508828857630009,0.02281478039421765,-0.0134376661316159
-1.508328857630009,0.02281478039421765,-0.01376613455083048
-1.507828857630009,0.02281478039421765,-0.0134376661316159
-1.507328857630009,0.01914367252093209,-0.01376613455083048
-1.506828857630009,0.02281478039421765,-0.01376613455083048
-1.506328857630009,0.02281478039421765,-0.01376613455083048
-1.505828857630009,0.02281478039421765,-0.01376613455083048
-1.505328857630009,0.02281478039421765,-0.01376613455083048
-1.504828857630009,0.02281478039421765,-0.01376613455083048
-1.504328857630009,0.02281478039421765,-0.01376613455083048
-1.503828857630009,0.02281478039421765,-0.0134376661316159
-1.503328857630009,0.02281478039421765,-0.01376613455083048
-1.502828857630009,0.02281478039421765,-0.0134376661316159
-1.502328857630009,0.02281478039421765,-0.01376613455083048
-1.501828857630009,0.02281478039421765,-0.0134376661316159
-1.501328857630009,0.02281478039421765,-0.01376613455083048
-1.500828857630009,0.02281478039421765,-0.01376613455083048
-1.500328857630009,0.02281478039421765,-0.01376613455083048
-1.499828857630009,0.02281478039421765,-0.01376613455083048
-1.499328857630009,0.02281478039421765,-0.0134376661316159
-1.498828857630009,0.02281478039421765,-0.01376613455083048
-1.498328857630009,0.02281478039421765,-0.01376613455083048
-1.497828857630009,0.02281478039421765,-0.01376613455083048
-1.497328857630009,0.02281478039421765,-0.0134376661316159
-1.496828857630009,0.02281478039421765,-0.01376613455083048
-1.496328857630009,0.02281478039421765,-0.01376613455083048
-1.495828857630009,0.02281478039421765,-0.0134376661316159
-1.495328857630009,0.02281478039421765,-0.01376613455083048
-1.494828857630009,0.02281478039421765,-0.01376613455083048
-1.494328857630009,0.02281478039421765,-0.01376613455083048
-1.493828857630009,0.02281478039421765,-0.01376613455083048
-1.493328857630009,0.02281478039421765,-0.01376613455083048
-1.492828857630009,0.02281478039421765,-0.01376613455083048
-1.492328857630009,0.02281478039421765,-0.0134376661316159
-1.491828857630009,0.02281478039421765,-0.01376613455083048
-1.491328857630009,0.02281478039421765,-0.01376613455083048
-1.490828857630009,0.02281478039421765,-0.0134376661316159
-1.490328857630009,0.02281478039421765,-0.01376613455083048
-1.489828857630009,0.02281478039421765,-0.0134376661316159
-1.489328857630009,0.02281478039421765,-0.01376613455083048
-1.488828857630009,0.02281478039421765,-0.01376613455083048
-1.488328857630009,0.02281478039421765,-0.01376613455083048
-1.487828857630009,0.02281478039421765,-0.0134376661316159
-1.487328857630009,0.02281478039421765,-0.01376613455083048
-1.486828857630009,0.02281478039421765,-0.0134376661316159
-1.486328857630009,0.02281478039421765,-0.01376613455083048
-1.485828857630009,0.02281478039421765,-0.01376613455083048
-1.485328857630009,0.02281478039421765,-0.01376613455083048
-1.484828857630009,0.01914367252093209,-0.01376613455083048
-1.484328857630009,0.02281478039421765,-0.01376613455083048
-1.483828857630009,0.02281478039421765,-0.01376613455083048
-1.483328857630009,0.02281478039421765,-0.0134376661316159
-1.482828857630009,0.02281478039421765,-0.0134376661316159
-1.482328857630009,0.02281478039421765,-0.01376613455083048
-1.481828857630009,0.01914367252093209,-0.0134376661316159
-1.481328857630009,0.02281478039421765,-0.01376613455083048
-1.480828857630009,0.02281478039421765,-0.0134376661316159
-1.480328857630009,0.02281478039421765,-0.01376613455083048
-1.479828857630009,0.02281478039421765,-0.01376613455083048
-1.479328857630009,0.02281478039421765,-0.01376613455083048
-1.478828857630009,0.02281478039421765,-0.01376613455083048
-1.478328857630009,0.02281478039421765,-0.01376613455083048
-1.477828857630009,0.02281478039421765,-0.01376613455083048
-1.477328857630009,0.02281478039421765,-0.01376613455083048
-1.476828857630009,0.02281478039421765,-0.01376613455083048
-1.476328857630009,0.02281478039421765,-0.01376613455083048
-1.475828857630009,0.02281478039421765,-0.0134376661316159
-1.475328857630009,0.02281478039421765,-0.01376613455083048
-1.474828857630009,0.02281478039421765,-0.0134376661316159
-1.474328857630009,0.02281478039421765,-0.0134376661316159
-1.473828857630009,0.02281478039421765,-0.0134376661316159
-1.473328857630009,0.02281478039421765,-0.0134376661316159
-1.472828857630009,0.02281478039421765,-0.0134376661316159
-1.472328857630009,0.02281478039421765,-0.0134376661316159
-1.471828857630009,0.02281478039421765,-0.01376613455083048
-1.471328857630009,0.02281478039421765,-0.01376613455083048
-1.470828857630009,0.02281478039421765,-0.01376613455083048
-1.470328857630009,0.02281478039421765,-0.01376613455083048
-1.469828857630009,0.02281478039421765,-0.01376613455083048
-1.469328857630009,0.02281478039421765,-0.01376613455083048
-1.468828857630009,0.02281478039421765,-0.01376613455083048
-1.468328857630009,0.02281478039421765,-0.01376613455083048
-1.467828857630009,0.02281478039421765,-0.01376613455083048
-1.467328857630009,0.02281478039421765,-0.01376613455083048
-1.466828857630009,0.02281478039421765,-0.01376613455083048
-1.466328857630009,0.02281478039421765,-0.01376613455083048
-1.465828857630009,0.02281478039421765,-0.01376613455083048
-1.465328857630009,0.02281478039421765,-0.01376613455083048
-1.464828857630009,0.02281478039421765,-0.01376613455083048
-1.464328857630009,0.02281478039421765,-0.01376613455083048
-1.463828857630009,0.02281478039421765,-0.01409460297004507
-1.463328857630009,0.02281478039421765,-0.01376613455083048
-1.462828857630009,0.02281478039421765,-0.01376613455083048
-1.462328857630009,0.02281478039421765,-0.01376613455083048
-1.461828857630009,0.02281478039421765,-0.01376613455083048
-1.461328857630009,0.02281478039421765,-0.01376613455083048
-1.460828857630009,0.02281478039421765,-0.01376613455083048
-1.460328857630009,0.02281478039421765,-0.01376613455083048
-1.459828857630009,0.02281478039421765,-0.01409460297004507
-1.459328857630009,0.02281478039421765,-0.01376613455083048
-1.458828857630009,0.02281478039421765,-0.01376613455083048
-1.458328857630009,0.02281478039421765,-0.01376613455083048
-1.457828857630009,0.02281478039421765,-0.01376613455083048
-1.457328857630009,0.02281478039421765,-0.01409460297004507
-1.456828857630009,0.02281478039421765,-0.01376613455083048
-1.456328857630009,0.02281478039421765,-0.01376613455083048
-1.455828857630009,0.02281478039421765,-0.01376613455083048
-1.455328857630009,0.02281478039421765,-0.01376613455083048
-1.454828857630009,0.02281478039421765,-0.01376613455083048
-1.454328857630009,0.02281478039421765,-0.01376613455083048
-1.453828857630009,0.02281478039421765,-0.01376613455083048
-1.453328857630009,0.02281478039421765,-0.01376613455083048
-1.452828857630009,0.02281478039421765,-0.01376613455083048
-1.452328857630009,0.02281478039421765,-0.01376613455083048
-1.451828857630009,0.02281478039421765,-0.01409460297004507
-1.451328857630009,0.02281478039421765,-0.01376613455083048
-1.450828857630009,0.02281478039421765,-0.01409460297004507
-1.450328857630009,0.02281478039421765,-0.01376613455083048
-1.449828857630009,0.02281478039421765,-0.01376613455083048
-1.449328857630009,0.02281478039421765,-0.01376613455083048
-1.448828857630009,0.02281478039421765,-0.01376613455083048
-1.448328857630009,0.02281478039421765,-0.01409460297004507
-1.447828857630009,0.02281478039421765,-0.01376613455083048
-1.447328857630009,0.02281478039421765,-0.01376613455083048
-1.446828857630009,0.02281478039421765,-0.01376613455083048
-1.446328857630009,0.01914367252093209,-0.01376613455083048
-1.445828857630009,0.02281478039421765,-0.01376613455083048
-1.445328857630009,0.02281478039421765,-0.01409460297004507
-1.444828857630009,0.02281478039421765,-0.01376613455083048
-1.444328857630009,0.02281478039421765,-0.01376613455083048
-1.443828857630009,0.02281478039421765,-0.01376613455083048
-1.443328857630009,0.02281478039421765,-0.01376613455083048
-1.442828857630009,0.02281478039421765,-0.01376613455083048
-1.442328857630009,0.02281478039421765,-0.01376613455083048
-1.441828857630009,0.02281478039421765,-0.01376613455083048
-1.441328857630009,0.02281478039421765,-0.01376613455083048
-1.440828857630009,0.02281478039421765,-0.01409460297004507
-1.440328857630009,0.02281478039421765,-0.01376613455083048
-1.439828857630009,0.02281478039421765,-0.01376613455083048
-1.439328857630009,0.02281478039421765,-0.01376613455083048
-1.438828857630009,0.02281478039421765,-0.01376613455083048
-1.438328857630009,0.02281478039421765,-0.01376613455083048
-1.437828857630009,0.02281478039421765,-0.01376613455083048
-1.437328857630009,0.02281478039421765,-0.01376613455083048
-1.436828857630009,0.01914367252093209,-0.01376613455083048
-1.436328857630009,0.01914367252093209,-0.01409460297004507
-1.435828857630009,0.01914367252093209,-0.01376613455083048
-1.435328857630009,0.02281478039421765,-0.01376613455083048
-1.434828857630009,0.02281478039421765,-0.01409460297004507
-1.434328857630009,0.02281478039421765,-0.01376613455083048
-1.433828857630009,0.02281478039421765,-0.01376613455083048
-1.433328857630009,0.02281478039421765,-0.01376613455083048
-1.432828857630009,0.02281478039421765,-0.01409460297004507
-1.432328857630009,0.02281478039421765,-0.01376613455083048
-1.431828857630009,0.02281478039421765,-0.01376613455083048
-1.431328857630009,0.02281478039421765,-0.01409460297004507
-1.430828857630009,0.01914367252093209,-0.01376613455083048
-1.430328857630009,0.01914367252093209,-0.01376613455083048
-1.429828857630009,0.02281478039421765,-0.01376613455083048
-1.429328857630009,0.02281478039421765,-0.01376613455083048
-1.428828857630009,0.02281478039421765,-0.01409460297004507
-1.428328857630009,0.02281478039421765,-0.01376613455083048
-1.427828857630009,0.02281478039421765,-0.01376613455083048
-1.427328857630009,0.02281478039421765,-0.01376613455083048
-1.426828857630009,0.02281478039421765,-0.01409460297004507
-1.426328857630009,0.02281478039421765,-0.01376613455083048
-1.425828857630009,0.02281478039421765,-0.01376613455083048
-1.425328857630009,0.01914367252093209,-0.01409460297004507
-1.424828857630009,0.02281478039421765,-0.01376613455083048
-1.424328857630009,0.02281478039421765,-0.01376613455083048
-1.423828857630009,0.02281478039421765,-0.01376613455083048
-1.423328857630009,0.02281478039421765,-0.01376613455083048
-1.422828857630009,0.02281478039421765,-0.01376613455083048
-1.422328857630009,0.02281478039421765,-0.01376613455083048
-1.421828857630009,0.02281478039421765,-0.01376613455083048
-1.421328857630009,0.02281478039421765,-0.01376613455083048
-1.420828857630009,0.02281478039421765,-0.01376613455083048
-1.420328857630009,0.02281478039421765,-0.01376613455083048
-1.419828857630009,0.02281478039421765,-0.01376613455083048
-1.419328857630009,0.02281478039421765,-0.01376613455083048
-1.418828857630009,0.02281478039421765,-0.01376613455083048
-1.418328857630009,0.02281478039421765,-0.01376613455083048
-1.417828857630009,0.02281478039421765,-0.01376613455083048
-1.417328857630009,0.02281478039421765,-0.01376613455083048
-1.416828857630009,0.02281478039421765,-0.01376613455083048
-1.416328857630009,0.02281478039421765,-0.01376613455083048
-1.415828857630009,0.02281478039421765,-0.01376613455083048
-1.415328857630009,0.02281478039421765,-0.01376613455083048
-1.414828857630009,0.02281478039421765,-0.01376613455083048
-1.414328857630009,0.02281478039421765,-0.01376613455083048
-1.413828857630009,0.02281478039421765,-0.01376613455083048
-1.413328857630009,0.02281478039421765,-0.01376613455083048
-1.412828857630009,0.02281478039421765,-0.01376613455083048
-1.412328857630009,0.02281478039421765,-0.01376613455083048
-1.411828857630009,0.02281478039421765,-0.01376613455083048
-1.411328857630009,0.02281478039421765,-0.01376613455083048
-1.410828857630009,0.02281478039421765,-0.01376613455083048
-1.410328857630009,0.02281478039421765,-0.01376613455083048
-1.409828857630009,0.02281478039421765,-0.01376613455083048
-1.409328857630009,0.02281478039421765,-0.01376613455083048
-1.408828857630009,0.02281478039421765,-0.01376613455083048
-1.408328857630009,0.02281478039421765,-0.01376613455083048
-1.407828857630009,0.02281478039421765,-0.01376613455083048
-1.407328857630009,0.02281478039421765,-0.01376613455083048
-1.406828857630009,0.02281478039421765,-0.01376613455083048
-1.406328857630009,0.02281478039421765,-0.01376613455083048
-1.405828857630009,0.02281478039421765,-0.01376613455083048
-1.405328857630009,0.02281478039421765,-0.01376613455083048
-1.404828857630009,0.02281478039421765,-0.01376613455083048
-1.404328857630009,0.02281478039421765,-0.01376613455083048
-1.403828857630009,0.02281478039421765,-0.01376613455083048
-1.403328857630009,0.02281478039421765,-0.01376613455083048
-1.402828857630009,0.02281478039421765,-0.01376613455083048
-1.402328857630009,0.02281478039421765,-0.01376613455083048
-1.401828857630009,0.02281478039421765,-0.01376613455083048
-1.401328857630009,0.02281478039421765,-0.01376613455083048
-1.400828857630009,0.02281478039421765,-0.01376613455083048
-1.400328857630009,0.02281478039421765,-0.01376613455083048
-1.399828857630009,0.02281478039421765,-0.0134376661316159
-1.399328857630009,0.02281478039421765,-0.01376613455083048
-1.398828857630009,0.02281478039421765,-0.01376613455083048
-1.398328857630009,0.02281478039421765,-0.01376613455083048
-1.397828857630009,0.02281478039421765,-0.01376613455083048
-1.397328857630009,0.02281478039421765,-0.01376613455083048
-1.396828857630009,0.02281478039421765,-0.01376613455083048
-1.396328857630009,0.02281478039421765,-0.01376613455083048
-1.395828857630009,0.02281478039421765,-0.01376613455083048
-1.395328857630009,0.02281478039421765,-0.01376613455083048
-1.394828857630009,0.02281478039421765,-0.01376613455083048
-1.394328857630009,0.02281478039421765,-0.01376613455083048
-1.393828857630009,0.02281478039421765,-0.01376613455083048
-1.393328857630009,0.02281478039421765,-0.01376613455083048
-1.392828857630009,0.02281478039421765,-0.01376613455083048
-1.392328857630009,0.02281478039421765,-0.01376613455083048
-1.391828857630009,0.02281478039421765,-0.01376613455083048
-1.391328857630009,0.02281478039421765,-0.01376613455083048
-1.390828857630009,0.02281478039421765,-0.01376613455083048
-1.390328857630009,0.02281478039421765,-0.01376613455083048
-1.389828857630009,0.02281478039421765,-0.01376613455083048
-1.389328857630009,0.02281478039421765,-0.01376613455083048
-1.388828857630009,0.02281478039421765,-0.01376613455083048
-1.388328857630009,0.02281478039421765,-0.01376613455083048
-1.387828857630009,0.02281478039421765,-0.01376613455083048
-1.387328857630009,0.02281478039421765,-0.01376613455083048
-1.386828857630009,0.02281478039421765,-0.01376613455083048
-1.386328857630009,0.02281478039421765,-0.0134376661316159
-1.385828857630009,0.02281478039421765,-0.01376613455083048
-1.385328857630009,0.02281478039421765,-0.01376613455083048
-1.384828857630009,0.02281478039421765,-0.01376613455083048
-1.384328857630009,0.02281478039421765,-0.01376613455083048
-1.383828857630009,0.02281478039421765,-0.01376613455083048
-1.383328857630009,0.02281478039421765,-0.01376613455083048
-1.382828857630009,0.02281478039421765,-0.01376613455083048
-1.382328857630009,0.02281478039421765,-0.01376613455083048
-1.381828857630009,0.02281478039421765,-0.01376613455083048
-1.381328857630009,0.02281478039421765,-0.01376613455083048
-1.380828857630009,0.02281478039421765,-0.01376613455083048
-1.380328857630009,0.02281478039421765,-0.01376613455083048
-1.379828857630009,0.02281478039421765,-0.01376613455083048
-1.379328857630009,0.02281478039421765,-0.01376613455083048
-1.378828857630009,0.02281478039421765,-0.01376613455083048
-1.378328857630009,0.02281478039421765,-0.01376613455083048
-1.377828857630009,0.02281478039421765,-0.01376613455083048
-1.377328857630009,0.02281478039421765,-0.01376613455083048
-1.376828857630009,0.02281478039421765,-0.01376613455083048
-1.376328857630009,0.02281478039421765,-0.01376613455083048
-1.375828857630009,0.02281478039421765,-0.01376613455083048
-1.375328857630009,0.02281478039421765,-0.01376613455083048
-1.374828857630009,0.02281478039421765,-0.01376613455083048
-1.374328857630009,0.02281478039421765,-0.01376613455083048
-1.373828857630009,0.02281478039421765,-0.01376613455083048
-1.373328857630009,0.02281478039421765,-0.01376613455083048
-1.372828857630009,0.02281478039421765,-0.01376613455083048
-1.372328857630009,0.02281478039421765,-0.01376613455083048
-1.371828857630009,0.02281478039421765,-0.01376613455083048
-1.371328857630009,0.02281478039421765,-0.01376613455083048
-1.370828857630009,0.02281478039421765,-0.01376613455083048
-1.370328857630009,0.02281478039421765,-0.01376613455083048
-1.369828857630009,0.02281478039421765,-0.01376613455083048
-1.369328857630009,0.02281478039421765,-0.01376613455083048
-1.368828857630009,0.02281478039421765,-0.01376613455083048
-1.368328857630009,0.02281478039421765,-0.01376613455083048
-1.367828857630009,0.02281478039421765,-0.01376613455083048
-1.367328857630009,0.02281478039421765,-0.01376613455083048
-1.366828857630009,0.02281478039421765,-0.01376613455083048
-1.366328857630009,0.02281478039421765,-0.01376613455083048
-1.365828857630009,0.02281478039421765,-0.01376613455083048
-1.365328857630009,0.02281478039421765,-0.01376613455083048
-1.364828857630009,0.02281478039421765,-0.01376613455083048
-1.364328857630009,0.02281478039421765,-0.01376613455083048
-1.363828857630009,0.02281478039421765,-0.01376613455083048
-1.363328857630009,0.02281478039421765,-0.01376613455083048
-1.362828857630009,0.02281478039421765,-0.01376613455083048
-1.362328857630009,0.02281478039421765,-0.01376613455083048
-1.361828857630009,0.02281478039421765,-0.01376613455083048
-1.361328857630009,0.02281478039421765,-0.01376613455083048
-1.360828857630009,0.02281478039421765,-0.01376613455083048
-1.360328857630009,0.02281478039421765,-0.01376613455083048
-1.359828857630009,0.02281478039421765,-0.01376613455083048
-1.359328857630009,0.02281478039421765,-0.01376613455083048
-1.358828857630009,0.02281478039421765,-0.01376613455083048
-1.358328857630009,0.02281478039421765,-0.01376613455083048
-1.357828857630009,0.02281478039421765,-0.01376613455083048
-1.357328857630009,0.02281478039421765,-0.01376613455083048
-1.356828857630009,0.02281478039421765,-0.01376613455083048
-1.356328857630009,0.02281478039421765,-0.01376613455083048
-1.355828857630009,0.02281478039421765,-0.0134376661316159
-1.355328857630009,0.02281478039421765,-0.01376613455083048
-1.354828857630009,0.02281478039421765,-0.01376613455083048
-1.354328857630009,0.02281478039421765,-0.01376613455083048
-1.353828857630009,0.02281478039421765,-0.01376613455083048
-1.353328857630009,0.02281478039421765,-0.0134376661316159
-1.352828857630009,0.02281478039421765,-0.01376613455083048
-1.352328857630009,0.02281478039421765,-0.01376613455083048
-1.351828857630009,0.02281478039421765,-0.0134376661316159
-1.351328857630009,0.02281478039421765,-0.01376613455083048
-1.350828857630009,0.02281478039421765,-0.01376613455083048
-1.350328857630009,0.02281478039421765,-0.01376613455083048
-1.349828857630009,0.02281478039421765,-0.01376613455083048
-1.349328857630009,0.02281478039421765,-0.01376613455083048
-1.348828857630009,0.02281478039421765,-0.01376613455083048
-1.348328857630009,0.02281478039421765,-0.01376613455083048
-1.347828857630009,0.02281478039421765,-0.01376613455083048
-1.347328857630009,0.02281478039421765,-0.01376613455083048
-1.346828857630009,0.02281478039421765,-0.01376613455083048
-1.346328857630009,0.02281478039421765,-0.01376613455083048
-1.345828857630009,0.02281478039421765,-0.01376613455083048
-1.345328857630009,0.02281478039421765,-0.01376613455083048
-1.344828857630009,0.02281478039421765,-0.01376613455083048
-1.344328857630009,0.02281478039421765,-0.01376613455083048
-1.343828857630009,0.02281478039421765,-0.01376613455083048
-1.343328857630009,0.02281478039421765,-0.0134376661316159
-1.342828857630009,0.02281478039421765,-0.01376613455083048
-1.342328857630009,0.02281478039421765,-0.01376613455083048
-1.341828857630009,0.02281478039421765,-0.01376613455083048
-1.341328857630009,0.02281478039421765,-0.01376613455083048
-1.340828857630009,0.02281478039421765,-0.01376613455083048
-1.340328857630009,0.02281478039421765,-0.01376613455083048
-1.339828857630009,0.02281478039421765,-0.01376613455083048
-1.339328857630009,0.01914367252093209,-0.01376613455083048
-1.338828857630009,0.01914367252093209,-0.01376613455083048
-1.338328857630009,0.02281478039421765,-0.01376613455083048
-1.337828857630009,0.02281478039421765,-0.01376613455083048
-1.337328857630009,0.02281478039421765,-0.01376613455083048
-1.336828857630009,0.02281478039421765,-0.01376613455083048
-1.336328857630009,0.02281478039421765,-0.01376613455083048
-1.335828857630009,0.02281478039421765,-0.01376613455083048
-1.335328857630009,0.02281478039421765,-0.01376613455083048
-1.334828857630009,0.02281478039421765,-0.01376613455083048
-1.334328857630009,0.02281478039421765,-0.0134376661316159
-1.333828857630009,0.02281478039421765,-0.01376613455083048
-1.333328857630009,0.02281478039421765,-0.01376613455083048
-1.332828857630009,0.02281478039421765,-0.0134376661316159
-1.332328857630009,0.02281478039421765,-0.01376613455083048
-1.331828857630009,0.02281478039421765,-0.01376613455083048
-1.331328857630009,0.02281478039421765,-0.01376613455083048
-1.330828857630009,0.01914367252093209,-0.01376613455083048
-1.330328857630009,0.02281478039421765,-0.01376613455083048
-1.329828857630009,0.02281478039421765,-0.0134376661316159
-1.329328857630009,0.02281478039421765,-0.01376613455083048
-1.328828857630009,0.02281478039421765,-0.01376613455083048
-1.328328857630009,0.02281478039421765,-0.01376613455083048
-1.327828857630009,0.02281478039421765,-0.01376613455083048
-1.327328857630009,0.02281478039421765,-0.0134376661316159
-1.326828857630009,0.02281478039421765,-0.01376613455083048
-1.326328857630009,0.02281478039421765,-0.01376613455083048
-1.325828857630009,0.02281478039421765,-0.01376613455083048
-1.325328857630009,0.02281478039421765,-0.01376613455083048
-1.324828857630009,0.01914367252093209,-0.01376613455083048
-1.324328857630009,0.01914367252093209,-0.01376613455083048
-1.323828857630009,0.02281478039421765,-0.01376613455083048
-1.323328857630009,0.02281478039421765,-0.01376613455083048
-1.322828857630009,0.02281478039421765,-0.01376613455083048
-1.322328857630009,0.02281478039421765,-0.01376613455083048
-1.321828857630009,0.02281478039421765,-0.01376613455083048
-1.321328857630009,0.02281478039421765,-0.01376613455083048
-1.320828857630009,0.02281478039421765,-0.01376613455083048
-1.320328857630009,0.02281478039421765,-0.0134376661316159
-1.319828857630009,0.02281478039421765,-0.01376613455083048
-1.319328857630009,0.02281478039421765,-0.01376613455083048
-1.318828857630009,0.02281478039421765,-0.01376613455083048
-1.318328857630009,0.02281478039421765,-0.01376613455083048
-1.317828857630009,0.02281478039421765,-0.01376613455083048
-1.317328857630009,0.02281478039421765,-0.01376613455083048
-1.316828857630009,0.02281478039421765,-0.0134376661316159
-1.316328857630009,0.02281478039421765,-0.01376613455083048
-1.315828857630009,0.02281478039421765,-0.0134376661316159
-1.315328857630009,0.02281478039421765,-0.01376613455083048
-1.314828857630009,0.02281478039421765,-0.01376613455083048
-1.314328857630009,0.02281478039421765,-0.0134376661316159
-1.313828857630009,0.02281478039421765,-0.01376613455083048
-1.313328857630009,0.02281478039421765,-0.01376613455083048
-1.312828857630009,0.02281478039421765,-0.01376613455083048
-1.312328857630009,0.02281478039421765,-0.01376613455083048
-1.311828857630009,0.02281478039421765,-0.01376613455083048
-1.311328857630009,0.02281478039421765,-0.01376613455083048
-1.310828857630009,0.02281478039421765,-0.01376613455083048
-1.310328857630009,0.02281478039421765,-0.01376613455083048
-1.309828857630009,0.02281478039421765,-0.01376613455083048
-1.309328857630009,0.02281478039421765,-0.01376613455083048
-1.308828857630009,0.02281478039421765,-0.01376613455083048
-1.308328857630009,0.02281478039421765,-0.01376613455083048
-1.307828857630009,0.02281478039421765,-0.01376613455083048
-1.307328857630009,0.02281478039421765,-0.0134376661316159
-1.306828857630009,0.02281478039421765,-0.01376613455083048
-1.306328857630009,0.02281478039421765,-0.0134376661316159
-1.305828857630009,0.02281478039421765,-0.01376613455083048
-1.305328857630009,0.02281478039421765,-0.01376613455083048
-1.304828857630009,0.02281478039421765,-0.0134376661316159
-1.304328857630009,0.02281478039421765,-0.01376613455083048
-1.303828857630009,0.02281478039421765,-0.01376613455083048
-1.303328857630009,0.02281478039421765,-0.01376613455083048
-1.302828857630009,0.02281478039421765,-0.01376613455083048
-1.302328857630009,0.02281478039421765,-0.01376613455083048
-1.301828857630009,0.02281478039421765,-0.01376613455083048
-1.301328857630009,0.02281478039421765,-0.01376613455083048
-1.300828857630009,0.02281478039421765,-0.01376613455083048
-1.300328857630009,0.02281478039421765,-0.01376613455083048
-1.299828857630009,0.02281478039421765,-0.01376613455083048
-1.299328857630009,0.02281478039421765,-0.01376613455083048
-1.298828857630009,0.02281478039421765,-0.01376613455083048
-1.298328857630009,0.02281478039421765,-0.0134376661316159
-1.297828857630009,0.02281478039421765,-0.01376613455083048
-1.297328857630009,0.02281478039421765,-0.01376613455083048
-1.296828857630009,0.02281478039421765,-0.01376613455083048
-1.296328857630009,0.02281478039421765,-0.01376613455083048
-1.295828857630009,0.02281478039421765,-0.01376613455083048
-1.295328857630009,0.02281478039421765,-0.01376613455083048
-1.294828857630009,0.02281478039421765,-0.01376613455083048
-1.294328857630009,0.01914367252093209,-0.01376613455083048
-1.293828857630009,0.02281478039421765,-0.01376613455083048
-1.293328857630009,0.02281478039421765,-0.01376613455083048
-1.292828857630009,0.02281478039421765,-0.01376613455083048
-1.292328857630009,0.02281478039421765,-0.01376613455083048
-1.291828857630009,0.02281478039421765,-0.01376613455083048
-1.291328857630009,0.02281478039421765,-0.01376613455083048
-1.290828857630009,0.01914367252093209,-0.01376613455083048
-1.290328857630009,0.02281478039421765,-0.01376613455083048
-1.289828857630009,0.02281478039421765,-0.01376613455083048
-1.289328857630009,0.02281478039421765,-0.01376613455083048
-1.288828857630009,0.02281478039421765,-0.01376613455083048
-1.288328857630009,0.02281478039421765,-0.01376613455083048
-1.287828857630009,0.02281478039421765,-0.01376613455083048
-1.287328857630009,0.02281478039421765,-0.01376613455083048
-1.286828857630009,0.02281478039421765,-0.01376613455083048
-1.286328857630009,0.02281478039421765,-0.01376613455083048
-1.285828857630009,0.02281478039421765,-0.01376613455083048
-1.285328857630009,0.02281478039421765,-0.01376613455083048
-1.284828857630009,0.02281478039421765,-0.01376613455083048
-1.284328857630009,0.02281478039421765,-0.01376613455083048
-1.283828857630009,0.02281478039421765,-0.01376613455083048
-1.283328857630009,0.02281478039421765,-0.01376613455083048
-1.282828857630009,0.02281478039421765,-0.01376613455083048
-1.282328857630009,0.02281478039421765,-0.01376613455083048
-1.281828857630009,0.02281478039421765,-0.0134376661316159
-1.281328857630009,0.02281478039421765,-0.01376613455083048
-1.280828857630009,0.02281478039421765,-0.01376613455083048
-1.280328857630009,0.02281478039421765,-0.01376613455083048
-1.279828857630009,0.02281478039421765,-0.01376613455083048
-1.279328857630009,0.01914367252093209,-0.01376613455083048
-1.278828857630009,0.01914367252093209,-0.0134376661316159
-1.278328857630009,0.02281478039421765,-0.01376613455083048
-1.277828857630009,0.01914367252093209,-0.01376613455083048
-1.277328857630009,0.01914367252093209,-0.01376613455083048
-1.276828857630009,0.02281478039421765,-0.01376613455083048
-1.276328857630009,0.02281478039421765,-0.01376613455083048
-1.275828857630009,0.02281478039421765,-0.01376613455083048
-1.275328857630009,0.02281478039421765,-0.01376613455083048
-1.274828857630009,0.02281478039421765,-0.01376613455083048
-1.274328857630009,0.02281478039421765,-0.01376613455083048
-1.273828857630009,0.02281478039421765,-0.01376613455083048
-1.273328857630009,0.02281478039421765,-0.01376613455083048
-1.272828857630009,0.02281478039421765,-0.01376613455083048
-1.272328857630009,0.02281478039421765,-0.01376613455083048
-1.271828857630009,0.02281478039421765,-0.01376613455083048
-1.271328857630009,0.02281478039421765,-0.01376613455083048
-1.270828857630009,0.02281478039421765,-0.01376613455083048
-1.270328857630009,0.02281478039421765,-0.01376613455083048
-1.269828857630009,0.02281478039421765,-0.01376613455083048
-1.269328857630009,0.02281478039421765,-0.01376613455083048
-1.268828857630009,0.02281478039421765,-0.01376613455083048
-1.268328857630009,0.02281478039421765,-0.01376613455083048
-1.267828857630009,0.02281478039421765,-0.01376613455083048
-1.267328857630009,0.02281478039421765,-0.01376613455083048
-1.266828857630009,0.02281478039421765,-0.01376613455083048
-1.266328857630009,0.02281478039421765,-0.01376613455083048
-1.265828857630009,0.02281478039421765,-0.0134376661316159
-1.265328857630009,0.02281478039421765,-0.01376613455083048
-1.264828857630009,0.02281478039421765,-0.01376613455083048
-1.264328857630009,0.02281478039421765,-0.01376613455083048
-1.263828857630009,0.02281478039421765,-0.01376613455083048
-1.263328857630009,0.02281478039421765,-0.01376613455083048
-1.262828857630009,0.02281478039421765,-0.01376613455083048
-1.262328857630009,0.02281478039421765,-0.01376613455083048
-1.261828857630009,0.02281478039421765,-0.01376613455083048
-1.261328857630009,0.02281478039421765,-0.01376613455083048
-1.260828857630009,0.02281478039421765,-0.01376613455083048
-1.260328857630009,0.02281478039421765,-0.0134376661316159
-1.259828857630009,0.02281478039421765,-0.01376613455083048
-1.259328857630009,0.02281478039421765,-0.01376613455083048
-1.258828857630009,0.02281478039421765,-0.01376613455083048
-1.258328857630009,0.02281478039421765,-0.01376613455083048
-1.257828857630009,0.02281478039421765,-0.0134376661316159
-1.257328857630009,0.02281478039421765,-0.01376613455083048
-1.256828857630009,0.02281478039421765,-0.01376613455083048
-1.256328857630009,0.02281478039421765,-0.01376613455083048
-1.255828857630009,0.02281478039421765,-0.0134376661316159
-1.255328857630009,0.02281478039421765,-0.01376613455083048
-1.254828857630009,0.02281478039421765,-0.01376613455083048
-1.254328857630009,0.02281478039421765,-0.01376613455083048
-1.253828857630009,0.02281478039421765,-0.01376613455083048
-1.253328857630009,0.02281478039421765,-0.0134376661316159
-1.252828857630009,0.02281478039421765,-0.01376613455083048
-1.252328857630009,0.02281478039421765,-0.01376613455083048
-1.251828857630009,0.02281478039421765,-0.01376613455083048
-1.251328857630009,0.02281478039421765,-0.01376613455083048
-1.250828857630009,0.02281478039421765,-0.01376613455083048
-1.250328857630009,0.02281478039421765,-0.01376613455083048
-1.249828857630009,0.02281478039421765,-0.01376613455083048
-1.249328857630009,0.02281478039421765,-0.01376613455083048
-1.248828857630009,0.02281478039421765,-0.01376613455083048
-1.248328857630009,0.02281478039421765,-0.01376613455083048
-1.247828857630009,0.02281478039421765,-0.01376613455083048
-1.247328857630009,0.02281478039421765,-0.01376613455083048
-1.246828857630009,0.02281478039421765,-0.01376613455083048
-1.246328857630009,0.02281478039421765,-0.01376613455083048
-1.245828857630009,0.02281478039421765,-0.01376613455083048
-1.245328857630009,0.01914367252093209,-0.01376613455083048
-1.244828857630009,0.02281478039421765,-0.01376613455083048
-1.244328857630009,0.02281478039421765,-0.01376613455083048
-1.243828857630009,0.02281478039421765,-0.01376613455083048
-1.243328857630009,0.02281478039421765,-0.01376613455083048
-1.242828857630009,0.02281478039421765,-0.01376613455083048
-1.242328857630009,0.02281478039421765,-0.0134376661316159
-1.241828857630009,0.02281478039421765,-0.01376613455083048
-1.241328857630009,0.02281478039421765,-0.01376613455083048
-1.240828857630009,0.02281478039421765,-0.01376613455083048
-1.240328857630009,0.02281478039421765,-0.01376613455083048
-1.239828857630009,0.02281478039421765,-0.01376613455083048
-1.239328857630009,0.02281478039421765,-0.01376613455083048
-1.238828857630009,0.02281478039421765,-0.01376613455083048
-1.238328857630009,0.02281478039421765,-0.01376613455083048
-1.237828857630009,0.02281478039421765,-0.01376613455083048
-1.237328857630009,0.02281478039421765,-0.01376613455083048
-1.236828857630009,0.02281478039421765,-0.01376613455083048
-1.236328857630009,0.02281478039421765,-0.01376613455083048
-1.235828857630009,0.02281478039421765,-0.01376613455083048
-1.235328857630009,0.02281478039421765,-0.01376613455083048
-1.234828857630009,0.02281478039421765,-0.01376613455083048
-1.234328857630009,0.02281478039421765,-0.01376613455083048
-1.233828857630009,0.02281478039421765,-0.01376613455083048
-1.233328857630009,0.02281478039421765,-0.01376613455083048
-1.232828857630009,0.02281478039421765,-0.01376613455083048
-1.232328857630009,0.02281478039421765,-0.01376613455083048
-1.231828857630009,0.02281478039421765,-0.01376613455083048
-1.231328857630009,0.02281478039421765,-0.01376613455083048
-1.230828857630009,0.02281478039421765,-0.01376613455083048
-1.230328857630009,0.02281478039421765,-0.01376613455083048
-1.229828857630009,0.02281478039421765,-0.01376613455083048
-1.229328857630009,0.02281478039421765,-0.0134376661316159
-1.228828857630009,0.02281478039421765,-0.01376613455083048
-1.228328857630009,0.02281478039421765,-0.0134376661316159
-1.227828857630009,0.02281478039421765,-0.01376613455083048
-1.227328857630009,0.02281478039421765,-0.0134376661316159
-1.226828857630009,0.02281478039421765,-0.01376613455083048
-1.226328857630009,0.02281478039421765,-0.01376613455083048
-1.225828857630009,0.02281478039421765,-0.01376613455083048
-1.225328857630009,0.02281478039421765,-0.01376613455083048
-1.224828857630009,0.02281478039421765,-0.01376613455083048
-1.224328857630009,0.02281478039421765,-0.0134376661316159
-1.223828857630009,0.02281478039421765,-0.01376613455083048
-1.223328857630009,0.02281478039421765,-0.01376613455083048
-1.222828857630009,0.02281478039421765,-0.01376613455083048
-1.222328857630009,0.02281478039421765,-0.01376613455083048
-1.221828857630009,0.02281478039421765,-0.01376613455083048
-1.221328857630009,0.02281478039421765,-0.0134376661316159
-1.220828857630009,0.02281478039421765,-0.01376613455083048
-1.220328857630009,0.02281478039421765,-0.0134376661316159
-1.219828857630009,0.02281478039421765,-0.01376613455083048
-1.219328857630009,0.02281478039421765,-0.0134376661316159
-1.218828857630009,0.02281478039421765,-0.01376613455083048
-1.218328857630009,0.02281478039421765,-0.01376613455083048
-1.217828857630009,0.02281478039421765,-0.01376613455083048
-1.217328857630009,0.02281478039421765,-0.01376613455083048
-1.216828857630009,0.02281478039421765,-0.0134376661316159
-1.216328857630009,0.02281478039421765,-0.01376613455083048
-1.215828857630009,0.02281478039421765,-0.0134376661316159
-1.215328857630009,0.02281478039421765,-0.01376613455083048
-1.214828857630009,0.02281478039421765,-0.0134376661316159
-1.214328857630009,0.02281478039421765,-0.01376613455083048
-1.213828857630009,0.02281478039421765,-0.0134376661316159
-1.213328857630009,0.02281478039421765,-0.01376613455083048
-1.212828857630009,0.02281478039421765,-0.0134376661316159
-1.212328857630009,0.02281478039421765,-0.01376613455083048
-1.211828857630009,0.02281478039421765,-0.0134376661316159
-1.211328857630009,0.02281478039421765,-0.0134376661316159
-1.210828857630009,0.02281478039421765,-0.01376613455083048
-1.210328857630009,0.02281478039421765,-0.0134376661316159
-1.209828857630009,0.02281478039421765,-0.01376613455083048
-1.209328857630009,0.02281478039421765,-0.01376613455083048
-1.208828857630009,0.02281478039421765,-0.01376613455083048
-1.208328857630009,0.02281478039421765,-0.0134376661316159
-1.207828857630009,0.02281478039421765,-0.01376613455083048
-1.207328857630009,0.02281478039421765,-0.01376613455083048
-1.206828857630009,0.02281478039421765,-0.0134376661316159
-1.206328857630009,0.02281478039421765,-0.01376613455083048
-1.205828857630009,0.02281478039421765,-0.0134376661316159
-1.205328857630009,0.02281478039421765,-0.01376613455083048
-1.204828857630009,0.02281478039421765,-0.01376613455083048
-1.204328857630009,0.02281478039421765,-0.01376613455083048
-1.203828857630009,0.02281478039421765,-0.0134376661316159
-1.203328857630009,0.02281478039421765,-0.01376613455083048
-1.202828857630009,0.02281478039421765,-0.01376613455083048
-1.202328857630009,0.02281478039421765,-0.01376613455083048
-1.201828857630009,0.02281478039421765,-0.01376613455083048
-1.201328857630009,0.02281478039421765,-0.01376613455083048
-1.200828857630009,0.02281478039421765,-0.01376613455083048
-1.200328857630009,0.02281478039421765,-0.0134376661316159
-1.199828857630009,0.02281478039421765,-0.0134376661316159
-1.199328857630009,0.02281478039421765,-0.0134376661316159
-1.198828857630009,0.02281478039421765,-0.0134376661316159
-1.198328857630009,0.02281478039421765,-0.01376613455083048
-1.197828857630009,0.02281478039421765,-0.01376613455083048
-1.197328857630009,0.02281478039421765,-0.01376613455083048
-1.196828857630009,0.02281478039421765,-0.01376613455083048
-1.196328857630009,0.02281478039421765,-0.01376613455083048
-1.195828857630009,0.02281478039421765,-0.01376613455083048
-1.195328857630009,0.02281478039421765,-0.01376613455083048
-1.194828857630009,0.02281478039421765,-0.01376613455083048
-1.194328857630009,0.02281478039421765,-0.01376613455083048
-1.193828857630009,0.02281478039421765,-0.01376613455083048
-1.193328857630009,0.02281478039421765,-0.01376613455083048
-1.192828857630009,0.02281478039421765,-0.01376613455083048
-1.192328857630009,0.02281478039421765,-0.01376613455083048
-1.191828857630009,0.02281478039421765,-0.01376613455083048
-1.191328857630009,0.02281478039421765,-0.0134376661316159
-1.190828857630009,0.02281478039421765,-0.01376613455083048
-1.190328857630009,0.02281478039421765,-0.0134376661316159
-1.189828857630009,0.02281478039421765,-0.01376613455083048
-1.189328857630009,0.02281478039421765,-0.01376613455083048
-1.188828857630009,0.02281478039421765,-0.01376613455083048
-1.188328857630009,0.02281478039421765,-0.01376613455083048
-1.187828857630009,0.02281478039421765,-0.01376613455083048
-1.187328857630009,0.02281478039421765,-0.01376613455083048
-1.186828857630009,0.02281478039421765,-0.01376613455083048
-1.186328857630009,0.02281478039421765,-0.01376613455083048
-1.185828857630009,0.02281478039421765,-0.01376613455083048
-1.185328857630009,0.02281478039421765,-0.01376613455083048
-1.184828857630009,0.02281478039421765,-0.01376613455083048
-1.184328857630009,0.02281478039421765,-0.01376613455083048
-1.183828857630009,0.02281478039421765,-0.01376613455083048
-1.183328857630009,0.02281478039421765,-0.01376613455083048
-1.182828857630009,0.02281478039421765,-0.0134376661316159
-1.182328857630009,0.02281478039421765,-0.01376613455083048
-1.181828857630009,0.02281478039421765,-0.01376613455083048
-1.181328857630009,0.02281478039421765,-0.01376613455083048
-1.180828857630009,0.02281478039421765,-0.0134376661316159
-1.180328857630009,0.02281478039421765,-0.01376613455083048
-1.179828857630009,0.02281478039421765,-0.01376613455083048
-1.179328857630009,0.02281478039421765,-0.01376613455083048
-1.178828857630009,0.02281478039421765,-0.01376613455083048
-1.178328857630009,0.02281478039421765,-0.01376613455083048
-1.177828857630009,0.02281478039421765,-0.01376613455083048
-1.177328857630009,0.02281478039421765,-0.01376613455083048
-1.176828857630009,0.02281478039421765,-0.01376613455083048
-1.176328857630009,0.02281478039421765,-0.01376613455083048
-1.175828857630009,0.02281478039421765,-0.01376613455083048
-1.175328857630009,0.02281478039421765,-0.01376613455083048
-1.174828857630009,0.02281478039421765,-0.01376613455083048
-1.174328857630009,0.02281478039421765,-0.0134376661316159
-1.173828857630009,0.02281478039421765,-0.01376613455083048
-1.173328857630009,0.02281478039421765,-0.01376613455083048
-1.172828857630009,0.02281478039421765,-0.01376613455083048
-1.172328857630009,0.02281478039421765,-0.01376613455083048
-1.171828857630009,0.02281478039421765,-0.0134376661316159
-1.171328857630009,0.02281478039421765,-0.01376613455083048
-1.170828857630009,0.02281478039421765,-0.01376613455083048
-1.170328857630009,0.02281478039421765,-0.01376613455083048
-1.169828857630009,0.02281478039421765,-0.0134376661316159
-1.169328857630009,0.02281478039421765,-0.01376613455083048
-1.168828857630009,0.02281478039421765,-0.01376613455083048
-1.168328857630009,0.02281478039421765,-0.0134376661316159
-1.167828857630009,0.02281478039421765,-0.01376613455083048
-1.167328857630009,0.02281478039421765,-0.0134376661316159
-1.166828857630009,0.02281478039421765,-0.01376613455083048
-1.166328857630009,0.02281478039421765,-0.0134376661316159
-1.165828857630009,0.02281478039421765,-0.01376613455083048
-1.165328857630009,0.02281478039421765,-0.01376613455083048
-1.164828857630009,0.02281478039421765,-0.01376613455083048
-1.164328857630009,0.02281478039421765,-0.0134376661316159
-1.163828857630009,0.02281478039421765,-0.01376613455083048
-1.163328857630009,0.02281478039421765,-0.0134376661316159
-1.162828857630009,0.02281478039421765,-0.01376613455083048
-1.162328857630009,0.02281478039421765,-0.0134376661316159
-1.161828857630009,0.02281478039421765,-0.01376613455083048
-1.161328857630009,0.02281478039421765,-0.01376613455083048
-1.160828857630009,0.02281478039421765,-0.01376613455083048
-1.160328857630009,0.02281478039421765,-0.01376613455083048
-1.159828857630009,0.02281478039421765,-0.01376613455083048
-1.159328857630009,0.02281478039421765,-0.01376613455083048
-1.158828857630009,0.02281478039421765,-0.0134376661316159
-1.158328857630009,0.02281478039421765,-0.01376613455083048
-1.157828857630009,0.02281478039421765,-0.01376613455083048
-1.157328857630009,0.02281478039421765,-0.01376613455083048
-1.156828857630009,0.02281478039421765,-0.01376613455083048
-1.156328857630009,0.02281478039421765,-0.01376613455083048
-1.155828857630009,0.02281478039421765,-0.0134376661316159
-1.155328857630009,0.02281478039421765,-0.0134376661316159
-1.154828857630009,0.02281478039421765,-0.01376613455083048
-1.154328857630009,0.02281478039421765,-0.01376613455083048
-1.153828857630009,0.02281478039421765,-0.01376613455083048
-1.153328857630009,0.02281478039421765,-0.0134376661316159
-1.152828857630009,0.02281478039421765,-0.01376613455083048
-1.152328857630009,0.02281478039421765,-0.0134376661316159
-1.151828857630009,0.02281478039421765,-0.01376613455083048
-1.151328857630009,0.02281478039421765,-0.0134376661316159
-1.150828857630009,0.02281478039421765,-0.01376613455083048
-1.150328857630009,0.02281478039421765,-0.0134376661316159
-1.149828857630009,0.02281478039421765,-0.01376613455083048
-1.149328857630009,0.02281478039421765,-0.0134376661316159
-1.148828857630009,0.02281478039421765,-0.0134376661316159
-1.148328857630009,0.02281478039421765,-0.01376613455083048
-1.147828857630009,0.02281478039421765,-0.0134376661316159
-1.147328857630009,0.02281478039421765,-0.01376613455083048
-1.146828857630009,0.02281478039421765,-0.0134376661316159
-1.146328857630009,0.02281478039421765,-0.01376613455083048
-1.145828857630009,0.02281478039421765,-0.0134376661316159
-1.145328857630009,0.02281478039421765,-0.0134376661316159
-1.144828857630009,0.02281478039421765,-0.01376613455083048
-1.144328857630009,0.02281478039421765,-0.0134376661316159
-1.143828857630009,0.02281478039421765,-0.01376613455083048
-1.143328857630009,0.02281478039421765,-0.0134376661316159
-1.142828857630009,0.02281478039421765,-0.01376613455083048
-1.142328857630009,0.02281478039421765,-0.01376613455083048
-1.141828857630009,0.02281478039421765,-0.01376613455083048
-1.141328857630009,0.02281478039421765,-0.0134376661316159
-1.140828857630009,0.02281478039421765,-0.01376613455083048
-1.140328857630009,0.02281478039421765,-0.01376613455083048
-1.139828857630009,0.02281478039421765,-0.0134376661316159
-1.139328857630009,0.02281478039421765,-0.01376613455083048
-1.138828857630009,0.02281478039421765,-0.01376613455083048
-1.138328857630009,0.02281478039421765,-0.0134376661316159
-1.137828857630009,0.02281478039421765,-0.01376613455083048
-1.137328857630009,0.02281478039421765,-0.0134376661316159
-1.136828857630009,0.02281478039421765,-0.01376613455083048
-1.136328857630009,0.02281478039421765,-0.0134376661316159
-1.135828857630009,0.02281478039421765,-0.01376613455083048
-1.135328857630009,0.02281478039421765,-0.0134376661316159
-1.134828857630009,0.02281478039421765,-0.0134376661316159
-1.134328857630009,0.02281478039421765,-0.01376613455083048
-1.133828857630009,0.02281478039421765,-0.01376613455083048
-1.133328857630009,0.02281478039421765,-0.0134376661316159
-1.132828857630009,0.02281478039421765,-0.01376613455083048
-1.132328857630009,0.02281478039421765,-0.0134376661316159
-1.131828857630009,0.02281478039421765,-0.01376613455083048
-1.131328857630009,0.02281478039421765,-0.01376613455083048
-1.130828857630009,0.02281478039421765,-0.0134376661316159
-1.130328857630009,0.02281478039421765,-0.01376613455083048
-1.129828857630009,0.02281478039421765,-0.0134376661316159
-1.129328857630009,0.02281478039421765,-0.01376613455083048
-1.128828857630009,0.02281478039421765,-0.01376613455083048
-1.128328857630009,0.02281478039421765,-0.01376613455083048
-1.127828857630009,0.02281478039421765,-0.0134376661316159
-1.127328857630009,0.02281478039421765,-0.0134376661316159
-1.126828857630009,0.02281478039421765,-0.01376613455083048
-1.126328857630009,0.02281478039421765,-0.0134376661316159
-1.125828857630009,0.02281478039421765,-0.0134376661316159
-1.125328857630009,0.02281478039421765,-0.01376613455083048
-1.124828857630009,0.02281478039421765,-0.0134376661316159
-1.124328857630009,0.02281478039421765,-0.01376613455083048
-1.123828857630009,0.02281478039421765,-0.0134376661316159
-1.123328857630009,0.02281478039421765,-0.01376613455083048
-1.122828857630009,0.02281478039421765,-0.0134376661316159
-1.122328857630009,0.02281478039421765,-0.01376613455083048
-1.121828857630009,0.02281478039421765,-0.01376613455083048
-1.121328857630009,0.02281478039421765,-0.0134376661316159
-1.120828857630009,0.02281478039421765,-0.01376613455083048
-1.120328857630009,0.02281478039421765,-0.01376613455083048
-1.119828857630009,0.02281478039421765,-0.01376613455083048
-1.119328857630009,0.02281478039421765,-0.01376613455083048
-1.118828857630009,0.02281478039421765,-0.01376613455083048
-1.118328857630009,0.02281478039421765,-0.01376613455083048
-1.117828857630009,0.02281478039421765,-0.0134376661316159
-1.117328857630009,0.02281478039421765,-0.01376613455083048
-1.116828857630009,0.02281478039421765,-0.01376613455083048
-1.116328857630009,0.02281478039421765,-0.01376613455083048
-1.115828857630009,0.02281478039421765,-0.01376613455083048
-1.115328857630009,0.02281478039421765,-0.0134376661316159
-1.114828857630009,0.02281478039421765,-0.01376613455083048
-1.114328857630009,0.02281478039421765,-0.01376613455083048
-1.113828857630009,0.02281478039421765,-0.01376613455083048
-1.113328857630009,0.02281478039421765,-0.01376613455083048
-1.112828857630009,0.02281478039421765,-0.0134376661316159
-1.112328857630009,0.02281478039421765,-0.01376613455083048
-1.111828857630009,0.02281478039421765,-0.01376613455083048
-1.111328857630009,0.02281478039421765,-0.0134376661316159
-1.110828857630009,0.02281478039421765,-0.01376613455083048
-1.110328857630009,0.02281478039421765,-0.01376613455083048
-1.109828857630009,0.02281478039421765,-0.01376613455083048
-1.109328857630009,0.02281478039421765,-0.0134376661316159
-1.108828857630009,0.02281478039421765,-0.01376613455083048
-1.108328857630009,0.02281478039421765,-0.01376613455083048
-1.107828857630009,0.02281478039421765,-0.0134376661316159
-1.107328857630009,0.02281478039421765,-0.01376613455083048
-1.106828857630009,0.02281478039421765,-0.01376613455083048
-1.106328857630009,0.02281478039421765,-0.01376613455083048
-1.105828857630009,0.02281478039421765,-0.01376613455083048
-1.105328857630009,0.02281478039421765,-0.01376613455083048
-1.104828857630009,0.02281478039421765,-0.01376613455083048
-1.104328857630009,0.02281478039421765,-0.0134376661316159
-1.103828857630009,0.02281478039421765,-0.01376613455083048
-1.103328857630009,0.02281478039421765,-0.0134376661316159
-1.102828857630009,0.02281478039421765,-0.01376613455083048
-1.102328857630009,0.02281478039421765,-0.0134376661316159
-1.101828857630009,0.02281478039421765,-0.01376613455083048
-1.101328857630009,0.02281478039421765,-0.01376613455083048
-1.100828857630009,0.02281478039421765,-0.0134376661316159
-1.100328857630009,0.02281478039421765,-0.01376613455083048
-1.099828857630009,0.02281478039421765,-0.01376613455083048
-1.099328857630009,0.02281478039421765,-0.01376613455083048
-1.098828857630009,0.02281478039421765,-0.01376613455083048
-1.098328857630009,0.02281478039421765,-0.01376613455083048
-1.097828857630009,0.02281478039421765,-0.01376613455083048
-1.097328857630009,0.02281478039421765,-0.0134376661316159
-1.096828857630009,0.02281478039421765,-0.01376613455083048
-1.096328857630009,0.02281478039421765,-0.01376613455083048
-1.095828857630009,0.02281478039421765,-0.01376613455083048
-1.095328857630009,0.02281478039421765,-0.01376613455083048
-1.094828857630009,0.02281478039421765,-0.01376613455083048
-1.094328857630009,0.02281478039421765,-0.01376613455083048
-1.093828857630009,0.02281478039421765,-0.01376613455083048
-1.093328857630009,0.02281478039421765,-0.01376613455083048
-1.092828857630009,0.02281478039421765,-0.01376613455083048
-1.092328857630009,0.02281478039421765,-0.01376613455083048
-1.091828857630009,0.02281478039421765,-0.01376613455083048
-1.091328857630009,0.02281478039421765,-0.01376613455083048
-1.090828857630009,0.02281478039421765,-0.01376613455083048
-1.090328857630009,0.02281478039421765,-0.01376613455083048
-1.089828857630009,0.02281478039421765,-0.01376613455083048
-1.089328857630009,0.02281478039421765,-0.01376613455083048
-1.088828857630009,0.02281478039421765,-0.01376613455083048
-1.088328857630009,0.02281478039421765,-0.01376613455083048
-1.087828857630009,0.02281478039421765,-0.01376613455083048
-1.087328857630009,0.02281478039421765,-0.01376613455083048
-1.086828857630009,0.02281478039421765,-0.01376613455083048
-1.086328857630009,0.02281478039421765,-0.01376613455083048
-1.085828857630009,0.02281478039421765,-0.01376613455083048
-1.085328857630009,0.02281478039421765,-0.01376613455083048
-1.084828857630009,0.02281478039421765,-0.01376613455083048
-1.084328857630009,0.02281478039421765,-0.01376613455083048
-1.083828857630009,0.02281478039421765,-0.01376613455083048
-1.083328857630009,0.02281478039421765,-0.01376613455083048
-1.082828857630009,0.02281478039421765,-0.01376613455083048
-1.082328857630009,0.02281478039421765,-0.01376613455083048
-1.081828857630009,0.02281478039421765,-0.01376613455083048
-1.081328857630009,0.02281478039421765,-0.01376613455083048
-1.080828857630009,0.02281478039421765,-0.01376613455083048
-1.080328857630009,0.02281478039421765,-0.01376613455083048
-1.079828857630009,0.02281478039421765,-0.01376613455083048
-1.079328857630009,0.02281478039421765,-0.01376613455083048
-1.078828857630009,0.02281478039421765,-0.01376613455083048
-1.078328857630009,0.02281478039421765,-0.01376613455083048
-1.077828857630009,0.02281478039421765,-0.01376613455083048
-1.077328857630009,0.02281478039421765,-0.01376613455083048
-1.076828857630009,0.02281478039421765,-0.01376613455083048
-1.076328857630009,0.02281478039421765,-0.01376613455083048
-1.075828857630009,0.02281478039421765,-0.01376613455083048
-1.075328857630009,0.02281478039421765,-0.01376613455083048
-1.074828857630009,0.02281478039421765,-0.01376613455083048
-1.074328857630009,0.02281478039421765,-0.01376613455083048
-1.073828857630009,0.02281478039421765,-0.01376613455083048
-1.073328857630009,0.02281478039421765,-0.01376613455083048
-1.072828857630009,0.02281478039421765,-0.01376613455083048
-1.072328857630009,0.02281478039421765,-0.01376613455083048
-1.071828857630009,0.02281478039421765,-0.0134376661316159
-1.071328857630009,0.02281478039421765,-0.01376613455083048
-1.070828857630009,0.02281478039421765,-0.01376613455083048
-1.070328857630009,0.02281478039421765,-0.0134376661316159
-1.069828857630009,0.02281478039421765,-0.01376613455083048
-1.069328857630009,0.02281478039421765,-0.0134376661316159
-1.068828857630009,0.02281478039421765,-0.01376613455083048
-1.068328857630009,0.02281478039421765,-0.0134376661316159
-1.067828857630009,0.02281478039421765,-0.01376613455083048
-1.067328857630009,0.02281478039421765,-0.01376613455083048
-1.066828857630009,0.02281478039421765,-0.0134376661316159
-1.066328857630009,0.02281478039421765,-0.01376613455083048
-1.065828857630009,0.02281478039421765,-0.0134376661316159
-1.065328857630009,0.02281478039421765,-0.01376613455083048
-1.064828857630009,0.02281478039421765,-0.01376613455083048
-1.064328857630009,0.02281478039421765,-0.01376613455083048
-1.063828857630009,0.02281478039421765,-0.01376613455083048
-1.063328857630009,0.02281478039421765,-0.0134376661316159
-1.062828857630009,0.02281478039421765,-0.01376613455083048
-1.062328857630009,0.02281478039421765,-0.01376613455083048
-1.061828857630009,0.02281478039421765,-0.01376613455083048
-1.061328857630009,0.02281478039421765,-0.01376613455083048
-1.060828857630009,0.02281478039421765,-0.01376613455083048
-1.060328857630009,0.02281478039421765,-0.01376613455083048
-1.059828857630009,0.02281478039421765,-0.0134376661316159
-1.059328857630009,0.02281478039421765,-0.01376613455083048
-1.058828857630009,0.02281478039421765,-0.0134376661316159
-1.058328857630009,0.02281478039421765,-0.01376613455083048
-1.057828857630009,0.02281478039421765,-0.01376613455083048
-1.057328857630009,0.02281478039421765,-0.01376613455083048
-1.056828857630009,0.02281478039421765,-0.01376613455083048
-1.056328857630009,0.02281478039421765,-0.0134376661316159
-1.055828857630009,0.02281478039421765,-0.01376613455083048
-1.055328857630009,0.02281478039421765,-0.0134376661316159
-1.054828857630009,0.02281478039421765,-0.01376613455083048
-1.054328857630009,0.02281478039421765,-0.01376613455083048
-1.053828857630009,0.02281478039421765,-0.0134376661316159
-1.053328857630009,0.02281478039421765,-0.01376613455083048
-1.052828857630009,0.02281478039421765,-0.01376613455083048
-1.052328857630009,0.02281478039421765,-0.01376613455083048
-1.051828857630009,0.02281478039421765,-0.0134376661316159
-1.051328857630009,0.02281478039421765,-0.01376613455083048
-1.050828857630009,0.02281478039421765,-0.01376613455083048
-1.050328857630009,0.02281478039421765,-0.01376613455083048
-1.049828857630009,0.02281478039421765,-0.01376613455083048
-1.049328857630009,0.02281478039421765,-0.01376613455083048
-1.048828857630009,0.02281478039421765,-0.01376613455083048
-1.048328857630009,0.02281478039421765,-0.01376613455083048
-1.047828857630009,0.02281478039421765,-0.01376613455083048
-1.047328857630009,0.02281478039421765,-0.01376613455083048
-1.046828857630009,0.02281478039421765,-0.01376613455083048
-1.046328857630009,0.02281478039421765,-0.01376613455083048
-1.045828857630009,0.02281478039421765,-0.01376613455083048
-1.045328857630009,0.02281478039421765,-0.01376613455083048
-1.044828857630009,0.02281478039421765,-0.01376613455083048
-1.044328857630009,0.02281478039421765,-0.0134376661316159
-1.043828857630009,0.02281478039421765,-0.01376613455083048
-1.043328857630009,0.02281478039421765,-0.01376613455083048
-1.042828857630009,0.02281478039421765,-0.01376613455083048
-1.042328857630009,0.02281478039421765,-0.01376613455083048
-1.041828857630009,0.02281478039421765,-0.01376613455083048
-1.041328857630009,0.02281478039421765,-0.01376613455083048
-1.040828857630009,0.02281478039421765,-0.01376613455083048
-1.040328857630009,0.02281478039421765,-0.01376613455083048
-1.039828857630009,0.02281478039421765,-0.01376613455083048
-1.039328857630009,0.02281478039421765,-0.0134376661316159
-1.038828857630009,0.02281478039421765,-0.01376613455083048
-1.038328857630009,0.02281478039421765,-0.01376613455083048
-1.037828857630009,0.02281478039421765,-0.01376613455083048
-1.037328857630009,0.02281478039421765,-0.01376613455083048
-1.036828857630009,0.02281478039421765,-0.01376613455083048
-1.036328857630009,0.02281478039421765,-0.01376613455083048
-1.035828857630009,0.02281478039421765,-0.01376613455083048
-1.035328857630009,0.02281478039421765,-0.01376613455083048
-1.034828857630009,0.02281478039421765,-0.0134376661316159
-1.034328857630009,0.02281478039421765,-0.01376613455083048
-1.033828857630009,0.02281478039421765,-0.01376613455083048
-1.033328857630009,0.02281478039421765,-0.0134376661316159
-1.032828857630009,0.02281478039421765,-0.01376613455083048
-1.032328857630009,0.02281478039421765,-0.0134376661316159
-1.031828857630009,0.02281478039421765,-0.01376613455083048
-1.031328857630009,0.02281478039421765,-0.0134376661316159
-1.030828857630009,0.02281478039421765,-0.01376613455083048
-1.030328857630009,0.02281478039421765,-0.01376613455083048
-1.029828857630009,0.02281478039421765,-0.01376613455083048
-1.029328857630009,0.02281478039421765,-0.01376613455083048
-1.028828857630009,0.02281478039421765,-0.01376613455083048
-1.028328857630009,0.02281478039421765,-0.01376613455083048
-1.027828857630009,0.02281478039421765,-0.01376613455083048
-1.027328857630009,0.02281478039421765,-0.01376613455083048
-1.026828857630009,0.02281478039421765,-0.01376613455083048
-1.026328857630009,0.02281478039421765,-0.01376613455083048
-1.025828857630009,0.02281478039421765,-0.01376613455083048
-1.025328857630009,0.02281478039421765,-0.0134376661316159
-1.024828857630009,0.02281478039421765,-0.01376613455083048
-1.024328857630009,0.02281478039421765,-0.0134376661316159
-1.023828857630009,0.02281478039421765,-0.01376613455083048
-1.023328857630009,0.02281478039421765,-0.0134376661316159
-1.022828857630009,0.02281478039421765,-0.01376613455083048
-1.022328857630009,0.02281478039421765,-0.01376613455083048
-1.021828857630009,0.02281478039421765,-0.01376613455083048
-1.021328857630009,0.02281478039421765,-0.01376613455083048
-1.020828857630009,0.02281478039421765,-0.01376613455083048
-1.020328857630009,0.02281478039421765,-0.01376613455083048
-1.019828857630009,0.02281478039421765,-0.01376613455083048
-1.019328857630009,0.02281478039421765,-0.01376613455083048
-1.018828857630009,0.02281478039421765,-0.01376613455083048
-1.018328857630009,0.02281478039421765,-0.0134376661316159
-1.017828857630009,0.02281478039421765,-0.01376613455083048
-1.017328857630009,0.02281478039421765,-0.01376613455083048
-1.016828857630009,0.02281478039421765,-0.01376613455083048
-1.016328857630009,0.02281478039421765,-0.01376613455083048
-1.015828857630009,0.02281478039421765,-0.01376613455083048
-1.015328857630009,0.02281478039421765,-0.01376613455083048
-1.014828857630009,0.02281478039421765,-0.0134376661316159
-1.014328857630009,0.02281478039421765,-0.01376613455083048
-1.013828857630009,0.02281478039421765,-0.01376613455083048
-1.013328857630009,0.02281478039421765,-0.01376613455083048
-1.012828857630009,0.02281478039421765,-0.01376613455083048
-1.012328857630009,0.02281478039421765,-0.0134376661316159
-1.011828857630009,0.02281478039421765,-0.01376613455083048
-1.011328857630009,0.02281478039421765,-0.01376613455083048
-1.010828857630009,0.02281478039421765,-0.01376613455083048
-1.010328857630009,0.02281478039421765,-0.01376613455083048
-1.009828857630009,0.02281478039421765,-0.01376613455083048
-1.009328857630009,0.02281478039421765,-0.01376613455083048
-1.008828857630009,0.02281478039421765,-0.0134376661316159
-1.008328857630009,0.02281478039421765,-0.01376613455083048
-1.007828857630009,0.02281478039421765,-0.01376613455083048
-1.007328857630009,0.02281478039421765,-0.01376613455083048
-1.006828857630009,0.02281478039421765,-0.01376613455083048
-1.006328857630009,0.02281478039421765,-0.01376613455083048
-1.005828857630009,0.02281478039421765,-0.01376613455083048
-1.005328857630009,0.02281478039421765,-0.01376613455083048
-1.004828857630009,0.02281478039421765,-0.01376613455083048
-1.004328857630009,0.02281478039421765,-0.01376613455083048
-1.003828857630009,0.02281478039421765,-0.01376613455083048
-1.003328857630009,0.02281478039421765,-0.01376613455083048
-1.002828857630009,0.02281478039421765,-0.01376613455083048
-1.002328857630009,0.02281478039421765,-0.01376613455083048
-1.001828857630009,0.02281478039421765,-0.0134376661316159
-1.001328857630009,0.02281478039421765,-0.01376613455083048
-1.000828857630009,0.02281478039421765,-0.01376613455083048
-1.000328857630009,0.02281478039421765,-0.01376613455083048
-0.9998288576300087,0.02281478039421765,-0.01376613455083048
-0.9993288576300088,0.02281478039421765,-0.0134376661316159
-0.9988288576300087,0.02281478039421765,-0.01376613455083048
-0.9983288576300088,0.02281478039421765,-0.01376613455083048
-0.9978288576300087,0.02281478039421765,-0.01376613455083048
-0.9973288576300088,0.02281478039421765,-0.01376613455083048
-0.9968288576300087,0.02281478039421765,-0.0134376661316159
-0.9963288576300088,0.02281478039421765,-0.01376613455083048
-0.9958288576300087,0.02281478039421765,-0.01376613455083048
-0.9953288576300088,0.02281478039421765,-0.01376613455083048
-0.9948288576300087,0.02281478039421765,-0.01376613455083048
-0.9943288576300088,0.02281478039421765,-0.0134376661316159
-0.9938288576300087,0.02281478039421765,-0.01376613455083048
-0.9933288576300088,0.02281478039421765,-0.0134376661316159
-0.9928288576300087,0.02281478039421765,-0.01376613455083048
-0.9923288576300088,0.02281478039421765,-0.01376613455083048
-0.9918288576300087,0.02281478039421765,-0.0134376661316159
-0.9913288576300088,0.02281478039421765,-0.01376613455083048
-0.9908288576300087,0.02281478039421765,-0.01376613455083048
-0.9903288576300088,0.02281478039421765,-0.01376613455083048
-0.9898288576300087,0.02281478039421765,-0.01376613455083048
-0.9893288576300088,0.02281478039421765,-0.0134376661316159
-0.9888288576300087,0.02281478039421765,-0.01376613455083048
-0.9883288576300088,0.02281478039421765,-0.01376613455083048
-0.9878288576300087,0.02281478039421765,-0.01376613455083048
-0.9873288576300088,0.02281478039421765,-0.01376613455083048
-0.9868288576300087,0.02281478039421765,-0.01376613455083048
-0.9863288576300088,0.02281478039421765,-0.01376613455083048
-0.9858288576300087,0.02281478039421765,-0.01376613455083048
-0.9853288576300088,0.02281478039421765,-0.01376613455083048
-0.9848288576300087,0.02281478039421765,-0.01376613455083048
-0.9843288576300088,0.02281478039421765,-0.0134376661316159
-0.9838288576300087,0.02281478039421765,-0.01376613455083048
-0.9833288576300088,0.02281478039421765,-0.01376613455083048
-0.9828288576300087,0.02281478039421765,-0.01376613455083048
-0.9823288576300088,0.02281478039421765,-0.01376613455083048
-0.9818288576300087,0.02281478039421765,-0.01376613455083048
-0.9813288576300088,0.02281478039421765,-0.01376613455083048
-0.9808288576300087,0.02281478039421765,-0.01376613455083048
-0.9803288576300088,0.02281478039421765,-0.01376613455083048
-0.9798288576300087,0.02281478039421765,-0.01376613455083048
-0.9793288576300088,0.02281478039421765,-0.01376613455083048
-0.9788288576300087,0.02281478039421765,-0.01376613455083048
-0.9783288576300088,0.02281478039421765,-0.01376613455083048
-0.9778288576300087,0.02281478039421765,-0.01376613455083048
-0.9773288576300088,0.02281478039421765,-0.01376613455083048
-0.9768288576300087,0.02281478039421765,-0.01376613455083048
-0.9763288576300088,0.02281478039421765,-0.01376613455083048
-0.9758288576300087,0.02281478039421765,-0.01376613455083048
-0.9753288576300088,0.02281478039421765,-0.01376613455083048
-0.9748288576300087,0.02281478039421765,-0.01376613455083048
-0.9743288576300088,0.02281478039421765,-0.01376613455083048
-0.9738288576300087,0.02281478039421765,-0.01376613455083048
-0.9733288576300088,0.02281478039421765,-0.01376613455083048
-0.9728288576300087,0.02281478039421765,-0.01376613455083048
-0.9723288576300088,0.02281478039421765,-0.01376613455083048
-0.9718288576300087,0.02281478039421765,-0.01376613455083048
-0.9713288576300088,0.02281478039421765,-0.01376613455083048
-0.9708288576300087,0.02281478039421765,-0.01376613455083048
-0.9703288576300088,0.02281478039421765,-0.01376613455083048
-0.9698288576300087,0.02281478039421765,-0.01376613455083048
-0.9693288576300088,0.02281478039421765,-0.01376613455083048
-0.9688288576300087,0.02281478039421765,-0.01376613455083048
-0.9683288576300088,0.02281478039421765,-0.01376613455083048
-0.9678288576300087,0.02281478039421765,-0.01376613455083048
-0.9673288576300088,0.02281478039421765,-0.01376613455083048
-0.9668288576300087,0.02281478039421765,-0.01376613455083048
-0.9663288576300088,0.02281478039421765,-0.01376613455083048
-0.9658288576300087,0.02281478039421765,-0.01376613455083048
-0.9653288576300088,0.02281478039421765,-0.01376613455083048
-0.9648288576300087,0.02281478039421765,-0.01376613455083048
-0.9643288576300088,0.02281478039421765,-0.01376613455083048
-0.9638288576300087,0.02281478039421765,-0.01376613455083048
-0.9633288576300088,0.02281478039421765,-0.01376613455083048
-0.9628288576300087,0.02281478039421765,-0.01376613455083048
-0.9623288576300087,0.02281478039421765,-0.01376613455083048
-0.9618288576300087,0.02281478039421765,-0.01376613455083048
-0.9613288576300087,0.02281478039421765,-0.01376613455083048
-0.9608288576300087,0.02281478039421765,-0.01376613455083048
-0.9603288576300087,0.02281478039421765,-0.01376613455083048
-0.9598288576300087,0.02281478039421765,-0.01376613455083048
-0.9593288576300087,0.02281478039421765,-0.01376613455083048
-0.9588288576300087,0.02281478039421765,-0.01376613455083048
-0.9583288576300087,0.02281478039421765,-0.01376613455083048
-0.9578288576300087,0.02281478039421765,-0.01376613455083048
-0.9573288576300087,0.02281478039421765,-0.01376613455083048
-0.9568288576300087,0.02281478039421765,-0.01376613455083048
-0.9563288576300087,0.02281478039421765,-0.01376613455083048
-0.9558288576300087,0.02281478039421765,-0.01376613455083048
-0.9553288576300087,0.02281478039421765,-0.01376613455083048
-0.9548288576300087,0.02281478039421765,-0.01376613455083048
-0.9543288576300087,0.02281478039421765,-0.01376613455083048
-0.9538288576300087,0.02281478039421765,-0.01376613455083048
-0.9533288576300087,0.02281478039421765,-0.01376613455083048
-0.9528288576300087,0.02281478039421765,-0.01376613455083048
-0.9523288576300087,0.02281478039421765,-0.01376613455083048
-0.9518288576300087,0.02281478039421765,-0.01376613455083048
-0.9513288576300087,0.02281478039421765,-0.01376613455083048
-0.9508288576300087,0.02281478039421765,-0.01376613455083048
-0.9503288576300087,0.02281478039421765,-0.01376613455083048
-0.9498288576300087,0.02281478039421765,-0.01376613455083048
-0.9493288576300087,0.02281478039421765,-0.01376613455083048
-0.9488288576300087,0.02281478039421765,-0.01376613455083048
-0.9483288576300087,0.02281478039421765,-0.01376613455083048
-0.9478288576300087,0.02281478039421765,-0.01376613455083048
-0.9473288576300087,0.02281478039421765,-0.01376613455083048
-0.9468288576300087,0.02281478039421765,-0.01376613455083048
-0.9463288576300087,0.02281478039421765,-0.01409460297004507
-0.9458288576300087,0.02281478039421765,-0.01376613455083048
-0.9453288576300087,0.02281478039421765,-0.01376613455083048
-0.9448288576300087,0.02281478039421765,-0.01376613455083048
-0.9443288576300087,0.02281478039421765,-0.01376613455083048
-0.9438288576300087,0.02281478039421765,-0.01376613455083048
-0.9433288576300087,0.02281478039421765,-0.01376613455083048
-0.9428288576300087,0.02281478039421765,-0.01376613455083048
-0.9423288576300087,0.02281478039421765,-0.01376613455083048
-0.9418288576300087,0.02281478039421765,-0.01376613455083048
-0.9413288576300087,0.02281478039421765,-0.01376613455083048
-0.9408288576300087,0.02281478039421765,-0.01376613455083048
-0.9403288576300087,0.02281478039421765,-0.01376613455083048
-0.9398288576300087,0.02281478039421765,-0.01376613455083048
-0.9393288576300087,0.02281478039421765,-0.01376613455083048
-0.9388288576300087,0.02281478039421765,-0.01376613455083048
-0.9383288576300087,0.02281478039421765,-0.01376613455083048
-0.9378288576300087,0.02281478039421765,-0.01376613455083048
-0.9373288576300087,0.02281478039421765,-0.01376613455083048
-0.9368288576300088,0.02281478039421765,-0.01376613455083048
-0.9363288576300087,0.02281478039421765,-0.01376613455083048
-0.9358288576300088,0.02281478039421765,-0.01376613455083048
-0.9353288576300087,0.02281478039421765,-0.01376613455083048
-0.9348288576300088,0.02281478039421765,-0.01376613455083048
-0.9343288576300087,0.02281478039421765,-0.01376613455083048
-0.9338288576300088,0.02281478039421765,-0.01376613455083048
-0.9333288576300087,0.02281478039421765,-0.01376613455083048
-0.9328288576300088,0.02281478039421765,-0.01376613455083048
-0.9323288576300087,0.02281478039421765,-0.01376613455083048
-0.9318288576300088,0.02281478039421765,-0.01376613455083048
-0.9313288576300087,0.02281478039421765,-0.01376613455083048
-0.9308288576300088,0.02281478039421765,-0.01376613455083048
-0.9303288576300087,0.02281478039421765,-0.01376613455083048
-0.9298288576300088,0.02281478039421765,-0.01376613455083048
-0.9293288576300087,0.02281478039421765,-0.01376613455083048
-0.9288288576300088,0.02281478039421765,-0.01376613455083048
-0.9283288576300087,0.02281478039421765,-0.01376613455083048
-0.9278288576300088,0.02281478039421765,-0.01376613455083048
-0.9273288576300087,0.02281478039421765,-0.01376613455083048
-0.9268288576300088,0.02281478039421765,-0.01376613455083048
-0.9263288576300087,0.02281478039421765,-0.01376613455083048
-0.9258288576300088,0.02281478039421765,-0.01376613455083048
-0.9253288576300087,0.02281478039421765,-0.01376613455083048
-0.9248288576300088,0.02281478039421765,-0.01376613455083048
-0.9243288576300087,0.02281478039421765,-0.01376613455083048
-0.9238288576300088,0.02281478039421765,-0.01376613455083048
-0.9233288576300087,0.02281478039421765,-0.01376613455083048
-0.9228288576300088,0.02281478039421765,-0.01376613455083048
-0.9223288576300087,0.02281478039421765,-0.01376613455083048
-0.9218288576300088,0.02281478039421765,-0.01376613455083048
-0.9213288576300087,0.02281478039421765,-0.01376613455083048
-0.9208288576300088,0.02281478039421765,-0.01376613455083048
-0.9203288576300087,0.02281478039421765,-0.01376613455083048
-0.9198288576300088,0.02281478039421765,-0.01376613455083048
-0.9193288576300087,0.02281478039421765,-0.01376613455083048
-0.9188288576300088,0.02281478039421765,-0.01376613455083048
-0.9183288576300087,0.02281478039421765,-0.01376613455083048
-0.9178288576300088,0.02281478039421765,-0.01376613455083048
-0.9173288576300087,0.02281478039421765,-0.01376613455083048
-0.9168288576300088,0.02281478039421765,-0.01376613455083048
-0.9163288576300087,0.02281478039421765,-0.01376613455083048
-0.9158288576300088,0.02281478039421765,-0.01376613455083048
-0.9153288576300087,0.02281478039421765,-0.01376613455083048
-0.9148288576300088,0.02281478039421765,-0.01376613455083048
-0.9143288576300087,0.02281478039421765,-0.01376613455083048
-0.9138288576300088,0.02281478039421765,-0.01376613455083048
-0.9133288576300087,0.02281478039421765,-0.01376613455083048
-0.9128288576300088,0.02281478039421765,-0.01376613455083048
-0.9123288576300087,0.02281478039421765,-0.01376613455083048
-0.9118288576300088,0.02281478039421765,-0.01376613455083048
-0.9113288576300087,0.02281478039421765,-0.01376613455083048
-0.9108288576300088,0.02281478039421765,-0.01376613455083048
-0.9103288576300087,0.02281478039421765,-0.01376613455083048
-0.9098288576300088,0.02281478039421765,-0.01376613455083048
-0.9093288576300087,0.02281478039421765,-0.01376613455083048
-0.9088288576300088,0.02281478039421765,-0.01376613455083048
-0.9083288576300087,0.02281478039421765,-0.01376613455083048
-0.9078288576300088,0.02281478039421765,-0.01376613455083048
-0.9073288576300087,0.02281478039421765,-0.01376613455083048
-0.9068288576300088,0.02281478039421765,-0.01376613455083048
-0.9063288576300087,0.02281478039421765,-0.01376613455083048
-0.9058288576300088,0.02281478039421765,-0.01376613455083048
-0.9053288576300087,0.02281478039421765,-0.01376613455083048
-0.9048288576300088,0.02281478039421765,-0.01376613455083048
-0.9043288576300087,0.02281478039421765,-0.01376613455083048
-0.9038288576300088,0.02281478039421765,-0.01376613455083048
-0.9033288576300087,0.02281478039421765,-0.01376613455083048
-0.9028288576300088,0.02281478039421765,-0.01376613455083048
-0.9023288576300087,0.02281478039421765,-0.01376613455083048
-0.9018288576300088,0.02281478039421765,-0.01376613455083048
-0.9013288576300087,0.02281478039421765,-0.01376613455083048
-0.9008288576300088,0.02281478039421765,-0.01376613455083048
-0.9003288576300087,0.02281478039421765,-0.0134376661316159
-0.8998288576300087,0.02281478039421765,-0.01376613455083048
-0.8993288576300087,0.02281478039421765,-0.0134376661316159
-0.8988288576300087,0.02281478039421765,-0.01376613455083048
-0.8983288576300087,0.02281478039421765,-0.01376613455083048
-0.8978288576300087,0.02281478039421765,-0.01376613455083048
-0.8973288576300087,0.02281478039421765,-0.01376613455083048
-0.8968288576300087,0.02281478039421765,-0.01376613455083048
-0.8963288576300087,0.02281478039421765,-0.01376613455083048
-0.8958288576300087,0.02281478039421765,-0.01376613455083048
-0.8953288576300087,0.02281478039421765,-0.01376613455083048
-0.8948288576300087,0.02281478039421765,-0.01376613455083048
-0.8943288576300087,0.02281478039421765,-0.01376613455083048
-0.8938288576300087,0.02281478039421765,-0.01376613455083048
-0.8933288576300087,0.02281478039421765,-0.01376613455083048
-0.8928288576300087,0.02281478039421765,-0.0134376661316159
-0.8923288576300087,0.02281478039421765,-0.01376613455083048
-0.8918288576300087,0.02281478039421765,-0.01376613455083048
-0.8913288576300087,0.02281478039421765,-0.01376613455083048
-0.8908288576300087,0.02281478039421765,-0.01376613455083048
-0.8903288576300087,0.02281478039421765,-0.01376613455083048
-0.8898288576300087,0.02281478039421765,-0.01376613455083048
-0.8893288576300087,0.02281478039421765,-0.01376613455083048
-0.8888288576300087,0.02281478039421765,-0.01376613455083048
-0.8883288576300087,0.02281478039421765,-0.01376613455083048
-0.8878288576300087,0.02281478039421765,-0.01376613455083048
-0.8873288576300087,0.02281478039421765,-0.01376613455083048
-0.8868288576300087,0.02281478039421765,-0.01376613455083048
-0.8863288576300087,0.02281478039421765,-0.01376613455083048
-0.8858288576300087,0.02281478039421765,-0.01376613455083048
-0.8853288576300087,0.02281478039421765,-0.01376613455083048
-0.8848288576300087,0.02281478039421765,-0.01376613455083048
-0.8843288576300087,0.02281478039421765,-0.01376613455083048
-0.8838288576300087,0.02281478039421765,-0.01376613455083048
-0.8833288576300087,0.02281478039421765,-0.01376613455083048
-0.8828288576300087,0.02281478039421765,-0.01376613455083048
-0.8823288576300087,0.02281478039421765,-0.0134376661316159
-0.8818288576300087,0.02281478039421765,-0.01376613455083048
-0.8813288576300087,0.02281478039421765,-0.01376613455083048
-0.8808288576300087,0.02281478039421765,-0.01376613455083048
-0.8803288576300087,0.02281478039421765,-0.01376613455083048
-0.8798288576300087,0.02281478039421765,-0.01376613455083048
-0.8793288576300087,0.02281478039421765,-0.01376613455083048
-0.8788288576300087,0.02281478039421765,-0.01376613455083048
-0.8783288576300087,0.02281478039421765,-0.01376613455083048
-0.8778288576300087,0.02281478039421765,-0.01376613455083048
-0.8773288576300087,0.02281478039421765,-0.01376613455083048
-0.8768288576300087,0.02281478039421765,-0.01376613455083048
-0.8763288576300087,0.02281478039421765,-0.01376613455083048
-0.8758288576300087,0.02281478039421765,-0.01376613455083048
-0.8753288576300087,0.02281478039421765,-0.01376613455083048
-0.8748288576300087,0.02281478039421765,-0.01376613455083048
-0.8743288576300088,0.02281478039421765,-0.01376613455083048
-0.8738288576300087,0.02281478039421765,-0.01376613455083048
-0.8733288576300088,0.02281478039421765,-0.01376613455083048
-0.8728288576300087,0.02281478039421765,-0.01376613455083048
-0.8723288576300088,0.02281478039421765,-0.01376613455083048
-0.8718288576300087,0.02281478039421765,-0.01376613455083048
-0.8713288576300088,0.02281478039421765,-0.01376613455083048
-0.8708288576300087,0.02281478039421765,-0.01376613455083048
-0.8703288576300088,0.02281478039421765,-0.01376613455083048
-0.8698288576300087,0.02281478039421765,-0.01376613455083048
-0.8693288576300088,0.02281478039421765,-0.01376613455083048
-0.8688288576300087,0.02281478039421765,-0.01376613455083048
-0.8683288576300088,0.02281478039421765,-0.01376613455083048
-0.8678288576300087,0.02281478039421765,-0.01376613455083048
-0.8673288576300088,0.02281478039421765,-0.01376613455083048
-0.8668288576300087,0.02281478039421765,-0.01376613455083048
-0.8663288576300088,0.02281478039421765,-0.01376613455083048
-0.8658288576300087,0.02281478039421765,-0.01376613455083048
-0.8653288576300088,0.02281478039421765,-0.01409460297004507
-0.8648288576300087,0.02281478039421765,-0.01376613455083048
-0.8643288576300088,0.02281478039421765,-0.01376613455083048
-0.8638288576300087,0.02281478039421765,-0.01409460297004507
-0.8633288576300088,0.02281478039421765,-0.01376613455083048
-0.8628288576300087,0.02281478039421765,-0.01376613455083048
-0.8623288576300088,0.02281478039421765,-0.01376613455083048
-0.8618288576300087,0.02281478039421765,-0.01376613455083048
-0.8613288576300088,0.02281478039421765,-0.01376613455083048
-0.8608288576300087,0.02281478039421765,-0.01376613455083048
-0.8603288576300088,0.02281478039421765,-0.01376613455083048
-0.8598288576300087,0.02281478039421765,-0.01376613455083048
-0.8593288576300088,0.02281478039421765,-0.01376613455083048
-0.8588288576300087,0.02281478039421765,-0.01376613455083048
-0.8583288576300088,0.02281478039421765,-0.01376613455083048
-0.8578288576300087,0.02281478039421765,-0.01376613455083048
-0.8573288576300088,0.02281478039421765,-0.01376613455083048
-0.8568288576300087,0.02281478039421765,-0.01376613455083048
-0.8563288576300088,0.02281478039421765,-0.01376613455083048
-0.8558288576300087,0.02281478039421765,-0.01376613455083048
-0.8553288576300088,0.02281478039421765,-0.01376613455083048
-0.8548288576300087,0.02281478039421765,-0.01376613455083048
-0.8543288576300088,0.02281478039421765,-0.01376613455083048
-0.8538288576300087,0.02281478039421765,-0.01376613455083048
-0.8533288576300088,0.02281478039421765,-0.01376613455083048
-0.8528288576300087,0.02281478039421765,-0.0134376661316159
-0.8523288576300088,0.02281478039421765,-0.01376613455083048
-0.8518288576300087,0.02281478039421765,-0.01376613455083048
-0.8513288576300088,0.02281478039421765,-0.01376613455083048
-0.8508288576300087,0.02281478039421765,-0.01376613455083048
-0.8503288576300088,0.02281478039421765,-0.01376613455083048
-0.8498288576300087,0.02281478039421765,-0.01376613455083048
-0.8493288576300088,0.02281478039421765,-0.01376613455083048
-0.8488288576300087,0.02281478039421765,-0.01376613455083048
-0.8483288576300088,0.02281478039421765,-0.01376613455083048
-0.8478288576300087,0.02281478039421765,-0.01376613455083048
-0.8473288576300088,0.02281478039421765,-0.01376613455083048
-0.8468288576300087,0.02281478039421765,-0.01376613455083048
-0.8463288576300088,0.02281478039421765,-0.01376613455083048
-0.8458288576300087,0.02281478039421765,-0.0134376661316159
-0.8453288576300088,0.02281478039421765,-0.01376613455083048
-0.8448288576300087,0.02281478039421765,-0.01376613455083048
-0.8443288576300088,0.02281478039421765,-0.01376613455083048
-0.8438288576300087,0.02281478039421765,-0.01376613455083048
-0.8433288576300088,0.02281478039421765,-0.01376613455083048
-0.8428288576300087,0.02281478039421765,-0.01376613455083048
-0.8423288576300088,0.02281478039421765,-0.01376613455083048
-0.8418288576300087,0.02281478039421765,-0.01376613455083048
-0.8413288576300088,0.02281478039421765,-0.01376613455083048
-0.8408288576300087,0.02281478039421765,-0.01376613455083048
-0.8403288576300088,0.02281478039421765,-0.0134376661316159
-0.8398288576300087,0.02281478039421765,-0.01376613455083048
-0.8393288576300088,0.02281478039421765,-0.01376613455083048
-0.8388288576300087,0.02281478039421765,-0.01376613455083048
-0.8383288576300088,0.02281478039421765,-0.01376613455083048
-0.8378288576300087,0.02281478039421765,-0.01376613455083048
-0.8373288576300087,0.02281478039421765,-0.01376613455083048
-0.8368288576300087,0.02281478039421765,-0.01376613455083048
-0.8363288576300087,0.02281478039421765,-0.01376613455083048
-0.8358288576300087,0.02281478039421765,-0.01376613455083048
-0.8353288576300087,0.02281478039421765,-0.01376613455083048
-0.8348288576300087,0.02281478039421765,-0.01376613455083048
-0.8343288576300087,0.02281478039421765,-0.01376613455083048
-0.8338288576300087,0.02281478039421765,-0.0134376661316159
-0.8333288576300087,0.02281478039421765,-0.01376613455083048
-0.8328288576300087,0.02281478039421765,-0.01376613455083048
-0.8323288576300087,0.02281478039421765,-0.01376613455083048
-0.8318288576300087,0.02281478039421765,-0.01376613455083048
-0.8313288576300087,0.02281478039421765,-0.01376613455083048
-0.8308288576300087,0.02281478039421765,-0.01376613455083048
-0.8303288576300087,0.02281478039421765,-0.0134376661316159
-0.8298288576300087,0.02281478039421765,-0.01376613455083048
-0.8293288576300087,0.02281478039421765,-0.01376613455083048
-0.8288288576300087,0.02281478039421765,-0.0134376661316159
-0.8283288576300087,0.02281478039421765,-0.01376613455083048
-0.8278288576300087,0.02281478039421765,-0.0134376661316159
-0.8273288576300087,0.02281478039421765,-0.01376613455083048
-0.8268288576300087,0.02281478039421765,-0.01376613455083048
-0.8263288576300087,0.02281478039421765,-0.01376613455083048
-0.8258288576300087,0.02281478039421765,-0.01376613455083048
-0.8253288576300087,0.02281478039421765,-0.01376613455083048
-0.8248288576300087,0.02281478039421765,-0.01376613455083048
-0.8243288576300087,0.02281478039421765,-0.01376613455083048
-0.8238288576300087,0.02281478039421765,-0.01376613455083048
-0.8233288576300087,0.02281478039421765,-0.01376613455083048
-0.8228288576300087,0.02281478039421765,-0.01376613455083048
-0.8223288576300087,0.02281478039421765,-0.01376613455083048
-0.8218288576300087,0.02281478039421765,-0.01376613455083048
-0.8213288576300087,0.02281478039421765,-0.01376613455083048
-0.8208288576300087,0.02281478039421765,-0.01376613455083048
-0.8203288576300087,0.02281478039421765,-0.01376613455083048
-0.8198288576300087,0.02281478039421765,-0.01376613455083048
-0.8193288576300087,0.02281478039421765,-0.01376613455083048
-0.8188288576300087,0.02281478039421765,-0.01376613455083048
-0.8183288576300087,0.02281478039421765,-0.01376613455083048
-0.8178288576300087,0.02281478039421765,-0.01376613455083048
-0.8173288576300087,0.02281478039421765,-0.01376613455083048
-0.8168288576300087,0.02281478039421765,-0.01376613455083048
-0.8163288576300087,0.02281478039421765,-0.01376613455083048
-0.8158288576300087,0.02281478039421765,-0.01376613455083048
-0.8153288576300087,0.02281478039421765,-0.0134376661316159
-0.8148288576300087,0.02281478039421765,-0.01376613455083048
-0.8143288576300087,0.02281478039421765,-0.01376613455083048
-0.8138288576300087,0.02281478039421765,-0.01376613455083048
-0.8133288576300087,0.02281478039421765,-0.01376613455083048
-0.8128288576300087,0.02281478039421765,-0.01376613455083048
-0.8123288576300087,0.02281478039421765,-0.01376613455083048
-0.8118288576300088,0.02281478039421765,-0.01376613455083048
-0.8113288576300087,0.02281478039421765,-0.01376613455083048
-0.8108288576300088,0.02281478039421765,-0.01376613455083048
-0.8103288576300087,0.02281478039421765,-0.01376613455083048
-0.8098288576300088,0.02281478039421765,-0.01376613455083048
-0.8093288576300087,0.02281478039421765,-0.01376613455083048
-0.8088288576300088,0.02281478039421765,-0.01376613455083048
-0.8083288576300087,0.02281478039421765,-0.01376613455083048
-0.8078288576300088,0.02281478039421765,-0.01376613455083048
-0.8073288576300087,0.02281478039421765,-0.01376613455083048
-0.8068288576300088,0.02281478039421765,-0.01376613455083048
-0.8063288576300087,0.02281478039421765,-0.01376613455083048
-0.8058288576300088,0.02281478039421765,-0.01376613455083048
-0.8053288576300087,0.02281478039421765,-0.01376613455083048
-0.8048288576300088,0.02281478039421765,-0.01376613455083048
-0.8043288576300087,0.02281478039421765,-0.01376613455083048
-0.8038288576300088,0.02281478039421765,-0.01376613455083048
-0.8033288576300087,0.02281478039421765,-0.01376613455083048
-0.8028288576300088,0.02281478039421765,-0.01376613455083048
-0.8023288576300087,0.02281478039421765,-0.01376613455083048
-0.8018288576300088,0.02281478039421765,-0.01376613455083048
-0.8013288576300087,0.02281478039421765,-0.01376613455083048
-0.8008288576300088,0.02281478039421765,-0.01376613455083048
-0.8003288576300087,0.02281478039421765,-0.01376613455083048
-0.7998288576300088,0.02281478039421765,-0.01376613455083048
-0.7993288576300087,0.02281478039421765,-0.01376613455083048
-0.7988288576300088,0.02281478039421765,-0.01376613455083048
-0.7983288576300087,0.02281478039421765,-0.01376613455083048
-0.7978288576300088,0.02281478039421765,-0.01376613455083048
-0.7973288576300087,0.02281478039421765,-0.01376613455083048
-0.7968288576300088,0.02281478039421765,-0.0134376661316159
-0.7963288576300087,0.02281478039421765,-0.01376613455083048
-0.7958288576300088,0.02281478039421765,-0.01376613455083048
-0.7953288576300087,0.02281478039421765,-0.01376613455083048
-0.7948288576300088,0.02281478039421765,-0.01376613455083048
-0.7943288576300087,0.02281478039421765,-0.01376613455083048
-0.7938288576300088,0.02281478039421765,-0.01376613455083048
-0.7933288576300087,0.02281478039421765,-0.01376613455083048
-0.7928288576300088,0.02281478039421765,-0.01376613455083048
-0.7923288576300087,0.02281478039421765,-0.01376613455083048
-0.7918288576300088,0.02281478039421765,-0.01376613455083048
-0.7913288576300087,0.02281478039421765,-0.0134376661316159
-0.7908288576300088,0.02281478039421765,-0.01376613455083048
-0.7903288576300087,0.02281478039421765,-0.01376613455083048
-0.7898288576300088,0.02281478039421765,-0.0134376661316159
-0.7893288576300087,0.02281478039421765,-0.01376613455083048
-0.7888288576300088,0.02281478039421765,-0.01376613455083048
-0.7883288576300087,0.02281478039421765,-0.01376613455083048
-0.7878288576300088,0.02281478039421765,-0.01376613455083048
-0.7873288576300087,0.02281478039421765,-0.0134376661316159
-0.7868288576300088,0.02281478039421765,-0.01376613455083048
-0.7863288576300087,0.02281478039421765,-0.01376613455083048
-0.7858288576300088,0.02281478039421765,-0.01376613455083048
-0.7853288576300087,0.02281478039421765,-0.01376613455083048
-0.7848288576300088,0.02281478039421765,-0.01376613455083048
-0.7843288576300087,0.02281478039421765,-0.01376613455083048
-0.7838288576300088,0.02281478039421765,-0.01376613455083048
-0.7833288576300087,0.02281478039421765,-0.01376613455083048
-0.7828288576300088,0.02281478039421765,-0.01376613455083048
-0.7823288576300087,0.02281478039421765,-0.01376613455083048
-0.7818288576300088,0.02281478039421765,-0.01376613455083048
-0.7813288576300087,0.02281478039421765,-0.01376613455083048
-0.7808288576300088,0.02281478039421765,-0.01376613455083048
-0.7803288576300087,0.02281478039421765,-0.01376613455083048
-0.7798288576300088,0.02281478039421765,-0.01376613455083048
-0.7793288576300087,0.02281478039421765,-0.01376613455083048
-0.7788288576300088,0.02281478039421765,-0.01376613455083048
-0.7783288576300087,0.02281478039421765,-0.01376613455083048
-0.7778288576300088,0.02281478039421765,-0.01376613455083048
-0.7773288576300087,0.02281478039421765,-0.01376613455083048
-0.7768288576300088,0.02281478039421765,-0.01376613455083048
-0.7763288576300087,0.02281478039421765,-0.01376613455083048
-0.7758288576300088,0.02281478039421765,-0.01376613455083048
-0.7753288576300087,0.02281478039421765,-0.01376613455083048
-0.7748288576300087,0.02281478039421765,-0.0134376661316159
-0.7743288576300087,0.02281478039421765,-0.01376613455083048
-0.7738288576300087,0.02281478039421765,-0.0134376661316159
-0.7733288576300087,0.02281478039421765,-0.01376613455083048
-0.7728288576300087,0.02281478039421765,-0.01376613455083048
-0.7723288576300087,0.02281478039421765,-0.01376613455083048
-0.7718288576300087,0.02281478039421765,-0.01376613455083048
-0.7713288576300087,0.02281478039421765,-0.01376613455083048
-0.7708288576300087,0.02281478039421765,-0.01376613455083048
-0.7703288576300087,0.02281478039421765,-0.01376613455083048
-0.7698288576300087,0.02281478039421765,-0.01376613455083048
-0.7693288576300087,0.02281478039421765,-0.01376613455083048
-0.7688288576300087,0.02281478039421765,-0.01376613455083048
-0.7683288576300087,0.02281478039421765,-0.0134376661316159
-0.7678288576300087,0.02281478039421765,-0.01376613455083048
-0.7673288576300087,0.02281478039421765,-0.0134376661316159
-0.7668288576300087,0.02281478039421765,-0.0134376661316159
-0.7663288576300087,0.02281478039421765,-0.01376613455083048
-0.7658288576300087,0.02281478039421765,-0.01376613455083048
-0.7653288576300087,0.02281478039421765,-0.01376613455083048
-0.7648288576300087,0.02281478039421765,-0.01376613455083048
-0.7643288576300087,0.02281478039421765,-0.01376613455083048
-0.7638288576300087,0.02281478039421765,-0.01376613455083048
-0.7633288576300087,0.02281478039421765,-0.01376613455083048
-0.7628288576300087,0.02281478039421765,-0.01376613455083048
-0.7623288576300087,0.02281478039421765,-0.01376613455083048
-0.7618288576300087,0.02281478039421765,-0.01376613455083048
-0.7613288576300087,0.02281478039421765,-0.01376613455083048
-0.7608288576300087,0.02281478039421765,-0.01376613455083048
-0.7603288576300087,0.02281478039421765,-0.0134376661316159
-0.7598288576300087,0.02281478039421765,-0.01376613455083048
-0.7593288576300087,0.02281478039421765,-0.01376613455083048
-0.7588288576300087,0.02281478039421765,-0.01376613455083048
-0.7583288576300087,0.02281478039421765,-0.01376613455083048
-0.7578288576300087,0.02281478039421765,-0.01376613455083048
-0.7573288576300087,0.02281478039421765,-0.01376613455083048
-0.7568288576300087,0.02281478039421765,-0.01376613455083048
-0.7563288576300087,0.02281478039421765,-0.01376613455083048
-0.7558288576300087,0.02281478039421765,-0.01376613455083048
-0.7553288576300087,0.02281478039421765,-0.0134376661316159
-0.7548288576300087,0.02281478039421765,-0.01376613455083048
-0.7543288576300087,0.02281478039421765,-0.01376613455083048
-0.7538288576300087,0.02281478039421765,-0.01376613455083048
-0.7533288576300087,0.02281478039421765,-0.01376613455083048
-0.7528288576300087,0.02281478039421765,-0.0134376661316159
-0.7523288576300087,0.02281478039421765,-0.01376613455083048
-0.7518288576300087,0.02281478039421765,-0.01376613455083048
-0.7513288576300087,0.02281478039421765,-0.0134376661316159
-0.7508288576300087,0.02281478039421765,-0.01376613455083048
-0.7503288576300087,0.02281478039421765,-0.01376613455083048
-0.7498288576300087,0.02281478039421765,-0.0134376661316159
-0.7493288576300088,0.02281478039421765,-0.01376613455083048
-0.7488288576300087,0.02281478039421765,-0.01376613455083048
-0.7483288576300088,0.02281478039421765,-0.01376613455083048
-0.7478288576300087,0.02281478039421765,-0.01376613455083048
-0.7473288576300088,0.02281478039421765,-0.0134376661316159
-0.7468288576300087,0.02281478039421765,-0.01376613455083048
-0.7463288576300088,0.02281478039421765,-0.01376613455083048
-0.7458288576300087,0.02281478039421765,-0.0134376661316159
-0.7453288576300088,0.02281478039421765,-0.01376613455083048
-0.7448288576300087,0.02281478039421765,-0.01376613455083048
-0.7443288576300088,0.02281478039421765,-0.01376613455083048
-0.7438288576300087,0.02281478039421765,-0.01376613455083048
-0.7433288576300088,0.02281478039421765,-0.01376613455083048
-0.7428288576300087,0.02281478039421765,-0.01376613455083048
-0.7423288576300088,0.02281478039421765,-0.01376613455083048
-0.7418288576300087,0.02281478039421765,-0.0134376661316159
-0.7413288576300088,0.02281478039421765,-0.01376613455083048
-0.7408288576300087,0.02281478039421765,-0.01376613455083048
-0.7403288576300088,0.02281478039421765,-0.01376613455083048
-0.7398288576300087,0.02281478039421765,-0.01376613455083048
-0.7393288576300088,0.02281478039421765,-0.01376613455083048
-0.7388288576300087,0.02281478039421765,-0.01376613455083048
-0.7383288576300088,0.02281478039421765,-0.01376613455083048
-0.7378288576300087,0.02281478039421765,-0.01376613455083048
-0.7373288576300088,0.02281478039421765,-0.01376613455083048
-0.7368288576300087,0.02281478039421765,-0.01376613455083048
-0.7363288576300088,0.02281478039421765,-0.01376613455083048
-0.7358288576300087,0.02281478039421765,-0.01376613455083048
-0.7353288576300088,0.02281478039421765,-0.01376613455083048
-0.7348288576300087,0.02281478039421765,-0.01376613455083048
-0.7343288576300088,0.02281478039421765,-0.01376613455083048
-0.7338288576300087,0.02281478039421765,-0.01376613455083048
-0.7333288576300088,0.02281478039421765,-0.01376613455083048
-0.7328288576300087,0.02281478039421765,-0.01376613455083048
-0.7323288576300088,0.02281478039421765,-0.0134376661316159
-0.7318288576300087,0.02281478039421765,-0.01376613455083048
-0.7313288576300088,0.02281478039421765,-0.01376613455083048
-0.7308288576300087,0.02281478039421765,-0.01376613455083048
-0.7303288576300088,0.02281478039421765,-0.01376613455083048
-0.7298288576300087,0.02281478039421765,-0.01376613455083048
-0.7293288576300088,0.02281478039421765,-0.0134376661316159
-0.7288288576300087,0.02281478039421765,-0.01376613455083048
-0.7283288576300088,0.02281478039421765,-0.01376613455083048
-0.7278288576300087,0.02281478039421765,-0.01376613455083048
-0.7273288576300088,0.02281478039421765,-0.01376613455083048
-0.7268288576300087,0.02281478039421765,-0.01376613455083048
-0.7263288576300088,0.02281478039421765,-0.01376613455083048
-0.7258288576300087,0.02281478039421765,-0.01376613455083048
-0.7253288576300088,0.02281478039421765,-0.01376613455083048
-0.7248288576300087,0.02281478039421765,-0.01376613455083048
-0.7243288576300088,0.02281478039421765,-0.01376613455083048
-0.7238288576300087,0.02281478039421765,-0.01376613455083048
-0.7233288576300088,0.02281478039421765,-0.01376613455083048
-0.7228288576300087,0.02281478039421765,-0.01376613455083048
-0.7223288576300088,0.02281478039421765,-0.01376613455083048
-0.7218288576300087,0.02281478039421765,-0.01376613455083048
-0.7213288576300088,0.02281478039421765,-0.01376613455083048
-0.7208288576300087,0.02281478039421765,-0.01376613455083048
-0.7203288576300088,0.02281478039421765,-0.01376613455083048
-0.7198288576300087,0.02281478039421765,-0.01376613455083048
-0.7193288576300088,0.02281478039421765,-0.01376613455083048
-0.7188288576300087,0.02281478039421765,-0.01376613455083048
-0.7183288576300088,0.02281478039421765,-0.01376613455083048
-0.7178288576300087,0.02281478039421765,-0.01376613455083048
-0.7173288576300088,0.02281478039421765,-0.0134376661316159
-0.7168288576300087,0.02281478039421765,-0.01376613455083048
-0.7163288576300088,0.02281478039421765,-0.01376613455083048
-0.7158288576300087,0.02281478039421765,-0.0134376661316159
-0.7153288576300088,0.02281478039421765,-0.01376613455083048
-0.7148288576300087,0.02281478039421765,-0.01376613455083048
-0.7143288576300088,0.02281478039421765,-0.0134376661316159
-0.7138288576300087,0.02281478039421765,-0.01376613455083048
-0.7133288576300088,0.02281478039421765,-0.01376613455083048
-0.7128288576300087,0.02281478039421765,-0.0134376661316159
-0.7123288576300087,0.02281478039421765,-0.01376613455083048
-0.7118288576300087,0.02281478039421765,-0.01376613455083048
-0.7113288576300087,0.02281478039421765,-0.0134376661316159
-0.7108288576300087,0.02281478039421765,-0.01376613455083048
-0.7103288576300087,0.02281478039421765,-0.01376613455083048
-0.7098288576300087,0.02281478039421765,-0.0134376661316159
-0.7093288576300087,0.02281478039421765,-0.01376613455083048
-0.7088288576300087,0.02281478039421765,-0.01376613455083048
-0.7083288576300087,0.02281478039421765,-0.01376613455083048
-0.7078288576300087,0.02281478039421765,-0.01376613455083048
-0.7073288576300087,0.02281478039421765,-0.0134376661316159
-0.7068288576300087,0.02281478039421765,-0.01376613455083048
-0.7063288576300087,0.02281478039421765,-0.01376613455083048
-0.7058288576300087,0.02281478039421765,-0.01376613455083048
-0.7053288576300087,0.02281478039421765,-0.0134376661316159
-0.7048288576300087,0.02281478039421765,-0.01376613455083048
-0.7043288576300087,0.02281478039421765,-0.0134376661316159
-0.7038288576300087,0.02281478039421765,-0.0134376661316159
-0.7033288576300087,0.02281478039421765,-0.01376613455083048
-0.7028288576300087,0.02281478039421765,-0.01376613455083048
-0.7023288576300087,0.02281478039421765,-0.01376613455083048
-0.7018288576300087,0.02281478039421765,-0.01376613455083048
-0.7013288576300087,0.02281478039421765,-0.01376613455083048
-0.7008288576300087,0.02281478039421765,-0.0134376661316159
-0.7003288576300087,0.02281478039421765,-0.01376613455083048
-0.6998288576300087,0.02281478039421765,-0.01376613455083048
-0.6993288576300087,0.02281478039421765,-0.01376613455083048
-0.6988288576300087,0.02281478039421765,-0.01376613455083048
-0.6983288576300087,0.02281478039421765,-0.01376613455083048
-0.6978288576300087,0.02281478039421765,-0.01376613455083048
-0.6973288576300087,0.02281478039421765,-0.01376613455083048
-0.6968288576300087,0.02281478039421765,-0.01376613455083048
-0.6963288576300087,0.02281478039421765,-0.01376613455083048
-0.6958288576300087,0.02281478039421765,-0.0134376661316159
-0.6953288576300087,0.02281478039421765,-0.01376613455083048
-0.6948288576300087,0.02281478039421765,-0.01376613455083048
-0.6943288576300087,0.02281478039421765,-0.01376613455083048
-0.6938288576300087,0.02281478039421765,-0.0134376661316159
-0.6933288576300087,0.02281478039421765,-0.01376613455083048
-0.6928288576300087,0.02281478039421765,-0.01376613455083048
-0.6923288576300087,0.02281478039421765,-0.01376613455083048
-0.6918288576300087,0.02281478039421765,-0.01376613455083048
-0.6913288576300087,0.02281478039421765,-0.01376613455083048
-0.6908288576300087,0.02281478039421765,-0.01376613455083048
-0.6903288576300087,0.02281478039421765,-0.01376613455083048
-0.6898288576300087,0.02281478039421765,-0.01376613455083048
-0.6893288576300087,0.02281478039421765,-0.01376613455083048
-0.6888288576300087,0.02281478039421765,-0.0134376661316159
-0.6883288576300087,0.02281478039421765,-0.01376613455083048
-0.6878288576300087,0.02281478039421765,-0.01376613455083048
-0.6873288576300087,0.02281478039421765,-0.01376613455083048
-0.6868288576300088,0.02281478039421765,-0.01376613455083048
-0.6863288576300087,0.02281478039421765,-0.01376613455083048
-0.6858288576300088,0.02281478039421765,-0.01376613455083048
-0.6853288576300087,0.02281478039421765,-0.01376613455083048
-0.6848288576300088,0.02281478039421765,-0.01376613455083048
-0.6843288576300087,0.02281478039421765,-0.01376613455083048
-0.6838288576300088,0.02281478039421765,-0.01376613455083048
-0.6833288576300087,0.02281478039421765,-0.01376613455083048
-0.6828288576300088,0.02281478039421765,-0.01376613455083048
-0.6823288576300087,0.02281478039421765,-0.01376613455083048
-0.6818288576300088,0.02281478039421765,-0.01376613455083048
-0.6813288576300087,0.02281478039421765,-0.01376613455083048
-0.6808288576300088,0.02281478039421765,-0.01376613455083048
-0.6803288576300087,0.02281478039421765,-0.01376613455083048
-0.6798288576300088,0.02281478039421765,-0.01376613455083048
-0.6793288576300087,0.02281478039421765,-0.01376613455083048
-0.6788288576300088,0.02281478039421765,-0.0134376661316159
-0.6783288576300087,0.02281478039421765,-0.01376613455083048
-0.6778288576300088,0.02281478039421765,-0.01376613455083048
-0.6773288576300087,0.02281478039421765,-0.0134376661316159
-0.6768288576300088,0.02281478039421765,-0.01376613455083048
-0.6763288576300087,0.02281478039421765,-0.01376613455083048
-0.6758288576300088,0.02281478039421765,-0.0134376661316159
-0.6753288576300087,0.02281478039421765,-0.01376613455083048
-0.6748288576300088,0.02281478039421765,-0.01376613455083048
-0.6743288576300087,0.02281478039421765,-0.01376613455083048
-0.6738288576300088,0.02281478039421765,-0.01376613455083048
-0.6733288576300087,0.02281478039421765,-0.01376613455083048
-0.6728288576300088,0.02281478039421765,-0.01376613455083048
-0.6723288576300087,0.02281478039421765,-0.01376613455083048
-0.6718288576300088,0.02281478039421765,-0.01376613455083048
-0.6713288576300087,0.02281478039421765,-0.01376613455083048
-0.6708288576300088,0.02281478039421765,-0.01376613455083048
-0.6703288576300087,0.02281478039421765,-0.0134376661316159
-0.6698288576300088,0.02281478039421765,-0.01376613455083048
-0.6693288576300087,0.02281478039421765,-0.01376613455083048
-0.6688288576300088,0.02281478039421765,-0.0134376661316159
-0.6683288576300087,0.02281478039421765,-0.01376613455083048
-0.6678288576300088,0.02281478039421765,-0.0134376661316159
-0.6673288576300087,0.02281478039421765,-0.01376613455083048
-0.6668288576300088,0.02281478039421765,-0.01376613455083048
-0.6663288576300087,0.02281478039421765,-0.0134376661316159
-0.6658288576300088,0.02281478039421765,-0.01376613455083048
-0.6653288576300087,0.02281478039421765,-0.01376613455083048
-0.6648288576300088,0.02281478039421765,-0.0134376661316159
-0.6643288576300087,0.02281478039421765,-0.01376613455083048
-0.6638288576300088,0.02281478039421765,-0.01376613455083048
-0.6633288576300087,0.02281478039421765,-0.01376613455083048
-0.6628288576300088,0.02281478039421765,-0.01376613455083048
-0.6623288576300087,0.02281478039421765,-0.0134376661316159
-0.6618288576300088,0.02281478039421765,-0.01376613455083048
-0.6613288576300087,0.02281478039421765,-0.01376613455083048
-0.6608288576300088,0.02281478039421765,-0.0134376661316159
-0.6603288576300087,0.02281478039421765,-0.01376613455083048
-0.6598288576300088,0.02281478039421765,-0.01376613455083048
-0.6593288576300087,0.02281478039421765,-0.01376613455083048
-0.6588288576300088,0.02281478039421765,-0.01376613455083048
-0.6583288576300087,0.02281478039421765,-0.01376613455083048
-0.6578288576300088,0.02281478039421765,-0.0134376661316159
-0.6573288576300087,0.02281478039421765,-0.01376613455083048
-0.6568288576300088,0.02281478039421765,-0.0134376661316159
-0.6563288576300087,0.02281478039421765,-0.01376613455083048
-0.6558288576300088,0.02281478039421765,-0.01376613455083048
-0.6553288576300087,0.02281478039421765,-0.0134376661316159
-0.6548288576300088,0.02281478039421765,-0.01376613455083048
-0.6543288576300087,0.02281478039421765,-0.01376613455083048
-0.6538288576300088,0.02281478039421765,-0.0134376661316159
-0.6533288576300087,0.02281478039421765,-0.01376613455083048
-0.6528288576300088,0.02281478039421765,-0.01376613455083048
-0.6523288576300087,0.02281478039421765,-0.0134376661316159
-0.6518288576300088,0.02281478039421765,-0.01376613455083048
-0.6513288576300087,0.02281478039421765,-0.01376613455083048
-0.6508288576300088,0.02281478039421765,-0.0134376661316159
-0.6503288576300087,0.02281478039421765,-0.01376613455083048
-0.6498288576300087,0.02281478039421765,-0.01376613455083048
-0.6493288576300087,0.02281478039421765,-0.0134376661316159
-0.6488288576300087,0.02281478039421765,-0.01376613455083048
-0.6483288576300087,0.02281478039421765,-0.01376613455083048
-0.6478288576300087,0.02281478039421765,-0.0134376661316159
-0.6473288576300087,0.02281478039421765,-0.01376613455083048
-0.6468288576300087,0.02281478039421765,-0.0134376661316159
-0.6463288576300087,0.02281478039421765,-0.01376613455083048
-0.6458288576300087,0.02281478039421765,-0.0134376661316159
-0.6453288576300087,0.02281478039421765,-0.0134376661316159
-0.6448288576300087,0.02281478039421765,-0.0134376661316159
-0.6443288576300087,0.02281478039421765,-0.01376613455083048
-0.6438288576300087,0.02281478039421765,-0.01376613455083048
-0.6433288576300087,0.02281478039421765,-0.01376613455083048
-0.6428288576300087,0.02281478039421765,-0.01376613455083048
-0.6423288576300087,0.02281478039421765,-0.0134376661316159
-0.6418288576300087,0.02281478039421765,-0.01376613455083048
-0.6413288576300087,0.02281478039421765,-0.0134376661316159
-0.6408288576300087,0.02281478039421765,-0.01376613455083048
-0.6403288576300087,0.02281478039421765,-0.01376613455083048
-0.6398288576300087,0.02281478039421765,-0.01376613455083048
-0.6393288576300087,0.02281478039421765,-0.01376613455083048
-0.6388288576300087,0.02281478039421765,-0.01376613455083048
-0.6383288576300087,0.02281478039421765,-0.01376613455083048
-0.6378288576300087,0.02281478039421765,-0.01376613455083048
-0.6373288576300087,0.02281478039421765,-0.01376613455083048
-0.6368288576300087,0.02281478039421765,-0.01376613455083048
-0.6363288576300087,0.02281478039421765,-0.01376613455083048
-0.6358288576300087,0.02281478039421765,-0.0134376661316159
-0.6353288576300087,0.02281478039421765,-0.01376613455083048
-0.6348288576300087,0.02281478039421765,-0.01376613455083048
-0.6343288576300087,0.02281478039421765,-0.0134376661316159
-0.6338288576300087,0.02281478039421765,-0.01376613455083048
-0.6333288576300087,0.02281478039421765,-0.01376613455083048
-0.6328288576300087,0.02281478039421765,-0.01376613455083048
-0.6323288576300087,0.02281478039421765,-0.01376613455083048
-0.6318288576300087,0.02281478039421765,-0.01376613455083048
-0.6313288576300087,0.02281478039421765,-0.0134376661316159
-0.6308288576300087,0.02281478039421765,-0.01376613455083048
-0.6303288576300087,0.02281478039421765,-0.01376613455083048
-0.6298288576300087,0.02281478039421765,-0.01376613455083048
-0.6293288576300087,0.02281478039421765,-0.01376613455083048
-0.6288288576300087,0.02281478039421765,-0.0134376661316159
-0.6283288576300087,0.02281478039421765,-0.0134376661316159
-0.6278288576300087,0.02281478039421765,-0.01376613455083048
-0.6273288576300087,0.02281478039421765,-0.01376613455083048
-0.6268288576300087,0.02281478039421765,-0.01376613455083048
-0.6263288576300087,0.02281478039421765,-0.01376613455083048
-0.6258288576300087,0.02281478039421765,-0.01376613455083048
-0.6253288576300087,0.02281478039421765,-0.01376613455083048
-0.6248288576300087,0.02281478039421765,-0.01376613455083048
-0.6243288576300088,0.02281478039421765,-0.01376613455083048
-0.6238288576300087,0.02281478039421765,-0.01376613455083048
-0.6233288576300088,0.02281478039421765,-0.01376613455083048
-0.6228288576300087,0.02281478039421765,-0.01376613455083048
-0.6223288576300088,0.02281478039421765,-0.01376613455083048
-0.6218288576300087,0.02281478039421765,-0.01376613455083048
-0.6213288576300088,0.02281478039421765,-0.01376613455083048
-0.6208288576300087,0.02281478039421765,-0.01376613455083048
-0.6203288576300088,0.02281478039421765,-0.01376613455083048
-0.6198288576300087,0.02281478039421765,-0.0134376661316159
-0.6193288576300088,0.02281478039421765,-0.01376613455083048
-0.6188288576300087,0.02281478039421765,-0.0134376661316159
-0.6183288576300088,0.02281478039421765,-0.01376613455083048
-0.6178288576300087,0.02281478039421765,-0.0134376661316159
-0.6173288576300088,0.02281478039421765,-0.01376613455083048
-0.6168288576300087,0.02281478039421765,-0.0134376661316159
-0.6163288576300088,0.02281478039421765,-0.01376613455083048
-0.6158288576300087,0.02281478039421765,-0.0134376661316159
-0.6153288576300088,0.02281478039421765,-0.01376613455083048
-0.6148288576300087,0.02281478039421765,-0.01376613455083048
-0.6143288576300088,0.02281478039421765,-0.0134376661316159
-0.6138288576300087,0.02281478039421765,-0.01376613455083048
-0.6133288576300088,0.02281478039421765,-0.01376613455083048
-0.6128288576300087,0.02281478039421765,-0.01376613455083048
-0.6123288576300088,0.02281478039421765,-0.01376613455083048
-0.6118288576300087,0.02281478039421765,-0.0134376661316159
-0.6113288576300088,0.02281478039421765,-0.01376613455083048
-0.6108288576300087,0.02281478039421765,-0.01376613455083048
-0.6103288576300088,0.02281478039421765,-0.01376613455083048
-0.6098288576300087,0.02281478039421765,-0.01376613455083048
-0.6093288576300088,0.02281478039421765,-0.0134376661316159
-0.6088288576300087,0.02281478039421765,-0.01376613455083048
-0.6083288576300088,0.02281478039421765,-0.01376613455083048
-0.6078288576300087,0.02281478039421765,-0.01376613455083048
-0.6073288576300088,0.02281478039421765,-0.01376613455083048
-0.6068288576300087,0.02281478039421765,-0.01376613455083048
-0.6063288576300088,0.02281478039421765,-0.01376613455083048
-0.6058288576300087,0.02281478039421765,-0.01376613455083048
-0.6053288576300088,0.02281478039421765,-0.01376613455083048
-0.6048288576300087,0.02281478039421765,-0.0134376661316159
-0.6043288576300088,0.02281478039421765,-0.01376613455083048
-0.6038288576300087,0.02281478039421765,-0.01376613455083048
-0.6033288576300088,0.02281478039421765,-0.0134376661316159
-0.6028288576300087,0.02281478039421765,-0.01376613455083048
-0.6023288576300088,0.02281478039421765,-0.01376613455083048
-0.6018288576300087,0.02281478039421765,-0.01376613455083048
-0.6013288576300088,0.02281478039421765,-0.01376613455083048
-0.6008288576300087,0.02281478039421765,-0.01376613455083048
-0.6003288576300088,0.02281478039421765,-0.01376613455083048
-0.5998288576300087,0.02281478039421765,-0.01376613455083048
-0.5993288576300088,0.02281478039421765,-0.0134376661316159
-0.5988288576300087,0.02281478039421765,-0.01376613455083048
-0.5983288576300088,0.02281478039421765,-0.01376613455083048
-0.5978288576300087,0.02281478039421765,-0.01376613455083048
-0.5973288576300088,0.02281478039421765,-0.01376613455083048
-0.5968288576300087,0.02281478039421765,-0.01376613455083048
-0.5963288576300088,0.02281478039421765,-0.01376613455083048
-0.5958288576300087,0.02281478039421765,-0.01376613455083048
-0.5953288576300088,0.02281478039421765,-0.01376613455083048
-0.5948288576300087,0.02281478039421765,-0.01376613455083048
-0.5943288576300088,0.02281478039421765,-0.01376613455083048
-0.5938288576300087,0.02281478039421765,-0.01376613455083048
-0.5933288576300088,0.02281478039421765,-0.01376613455083048
-0.5928288576300087,0.02281478039421765,-0.01376613455083048
-0.5923288576300088,0.02281478039421765,-0.01376613455083048
-0.5918288576300087,0.02281478039421765,-0.01376613455083048
-0.5913288576300088,0.02281478039421765,-0.01376613455083048
-0.5908288576300087,0.02281478039421765,-0.01376613455083048
-0.5903288576300088,0.02281478039421765,-0.01376613455083048
-0.5898288576300087,0.02281478039421765,-0.01376613455083048
-0.5893288576300088,0.02281478039421765,-0.01376613455083048
-0.5888288576300087,0.02281478039421765,-0.01376613455083048
-0.5883288576300088,0.02281478039421765,-0.01376613455083048
-0.5878288576300087,0.02281478039421765,-0.01376613455083048
-0.5873288576300087,0.02281478039421765,-0.01376613455083048
-0.5868288576300087,0.02281478039421765,-0.01376613455083048
-0.5863288576300087,0.02281478039421765,-0.0134376661316159
-0.5858288576300087,0.02281478039421765,-0.01376613455083048
-0.5853288576300087,0.02281478039421765,-0.01376613455083048
-0.5848288576300087,0.02281478039421765,-0.01376613455083048
-0.5843288576300087,0.02281478039421765,-0.01376613455083048
-0.5838288576300087,0.02281478039421765,-0.01376613455083048
-0.5833288576300087,0.02281478039421765,-0.01376613455083048
-0.5828288576300087,0.02281478039421765,-0.01376613455083048
-0.5823288576300087,0.02281478039421765,-0.01376613455083048
-0.5818288576300087,0.02281478039421765,-0.01376613455083048
-0.5813288576300087,0.02281478039421765,-0.01376613455083048
-0.5808288576300087,0.02281478039421765,-0.01376613455083048
-0.5803288576300087,0.02281478039421765,-0.0134376661316159
-0.5798288576300087,0.02281478039421765,-0.01376613455083048
-0.5793288576300087,0.02281478039421765,-0.01376613455083048
-0.5788288576300087,0.02281478039421765,-0.01376613455083048
-0.5783288576300087,0.02281478039421765,-0.01376613455083048
-0.5778288576300087,0.02281478039421765,-0.01376613455083048
-0.5773288576300087,0.02281478039421765,-0.01376613455083048
-0.5768288576300087,0.02281478039421765,-0.01376613455083048
-0.5763288576300087,0.02281478039421765,-0.01376613455083048
-0.5758288576300087,0.02281478039421765,-0.01376613455083048
-0.5753288576300087,0.02281478039421765,-0.01376613455083048
-0.5748288576300087,0.02281478039421765,-0.01376613455083048
-0.5743288576300087,0.02281478039421765,-0.01376613455083048
-0.5738288576300087,0.02281478039421765,-0.01376613455083048
-0.5733288576300087,0.02281478039421765,-0.01376613455083048
-0.5728288576300087,0.02281478039421765,-0.01376613455083048
-0.5723288576300087,0.02281478039421765,-0.01376613455083048
-0.5718288576300087,0.02281478039421765,-0.0134376661316159
-0.5713288576300087,0.02281478039421765,-0.01376613455083048
-0.5708288576300087,0.02281478039421765,-0.01376613455083048
-0.5703288576300087,0.02281478039421765,-0.0134376661316159
-0.5698288576300087,0.02281478039421765,-0.01376613455083048
-0.5693288576300087,0.02281478039421765,-0.01376613455083048
-0.5688288576300087,0.02281478039421765,-0.0134376661316159
-0.5683288576300087,0.02281478039421765,-0.01376613455083048
-0.5678288576300087,0.02281478039421765,-0.01376613455083048
-0.5673288576300087,0.02281478039421765,-0.01376613455083048
-0.5668288576300087,0.02281478039421765,-0.0134376661316159
-0.5663288576300087,0.02281478039421765,-0.01376613455083048
-0.5658288576300087,0.02281478039421765,-0.01376613455083048
-0.5653288576300087,0.02281478039421765,-0.01376613455083048
-0.5648288576300087,0.02281478039421765,-0.01376613455083048
-0.5643288576300087,0.02281478039421765,-0.01376613455083048
-0.5638288576300087,0.02281478039421765,-0.01376613455083048
-0.5633288576300087,0.02281478039421765,-0.0134376661316159
-0.5628288576300087,0.02281478039421765,-0.01376613455083048
-0.5623288576300087,0.02281478039421765,-0.01376613455083048
-0.5618288576300088,0.02281478039421765,-0.0134376661316159
-0.5613288576300087,0.02281478039421765,-0.01376613455083048
-0.5608288576300088,0.02281478039421765,-0.01376613455083048
-0.5603288576300087,0.02281478039421765,-0.01376613455083048
-0.5598288576300088,0.02281478039421765,-0.01376613455083048
-0.5593288576300087,0.02281478039421765,-0.01376613455083048
-0.5588288576300088,0.02281478039421765,-0.01376613455083048
-0.5583288576300087,0.02281478039421765,-0.01376613455083048
-0.5578288576300088,0.02281478039421765,-0.01376613455083048
-0.5573288576300087,0.02281478039421765,-0.01376613455083048
-0.5568288576300088,0.02281478039421765,-0.01376613455083048
-0.5563288576300087,0.02281478039421765,-0.01376613455083048
-0.5558288576300088,0.02281478039421765,-0.01376613455083048
-0.5553288576300087,0.02281478039421765,-0.01376613455083048
-0.5548288576300088,0.02281478039421765,-0.01376613455083048
-0.5543288576300087,0.02281478039421765,-0.01376613455083048
-0.5538288576300088,0.02281478039421765,-0.01376613455083048
-0.5533288576300087,0.02281478039421765,-0.0134376661316159
-0.5528288576300088,0.02281478039421765,-0.01376613455083048
-0.5523288576300087,0.02281478039421765,-0.01376613455083048
-0.5518288576300088,0.02281478039421765,-0.01376613455083048
-0.5513288576300087,0.02281478039421765,-0.01376613455083048
-0.5508288576300088,0.02281478039421765,-0.0134376661316159
-0.5503288576300087,0.02281478039421765,-0.01376613455083048
-0.5498288576300088,0.02281478039421765,-0.01376613455083048
-0.5493288576300087,0.02281478039421765,-0.01376613455083048
-0.5488288576300088,0.02281478039421765,-0.01376613455083048
-0.5483288576300087,0.02281478039421765,-0.01376613455083048
-0.5478288576300088,0.02281478039421765,-0.01376613455083048
-0.5473288576300087,0.02281478039421765,-0.01376613455083048
-0.5468288576300088,0.02281478039421765,-0.01376613455083048
-0.5463288576300087,0.02281478039421765,-0.01376613455083048
-0.5458288576300088,0.02281478039421765,-0.01376613455083048
-0.5453288576300087,0.02281478039421765,-0.01376613455083048
-0.5448288576300088,0.02281478039421765,-0.01376613455083048
-0.5443288576300087,0.02281478039421765,-0.01376613455083048
-0.5438288576300088,0.02281478039421765,-0.01376613455083048
-0.5433288576300087,0.02281478039421765,-0.01376613455083048
-0.5428288576300088,0.02281478039421765,-0.01376613455083048
-0.5423288576300087,0.02281478039421765,-0.01376613455083048
-0.5418288576300088,0.02281478039421765,-0.01376613455083048
-0.5413288576300087,0.02281478039421765,-0.01376613455083048
-0.5408288576300088,0.02281478039421765,-0.01376613455083048
-0.5403288576300087,0.02281478039421765,-0.01376613455083048
-0.5398288576300088,0.02281478039421765,-0.01376613455083048
-0.5393288576300087,0.02281478039421765,-0.01376613455083048
-0.5388288576300088,0.02281478039421765,-0.01409460297004507
-0.5383288576300087,0.02281478039421765,-0.01376613455083048
-0.5378288576300088,0.02281478039421765,-0.01409460297004507
-0.5373288576300087,0.02281478039421765,-0.01409460297004507
-0.5368288576300088,0.02281478039421765,-0.01376613455083048
-0.5363288576300087,0.02281478039421765,-0.01409460297004507
-0.5358288576300088,0.02281478039421765,-0.01376613455083048
-0.5353288576300087,0.02281478039421765,-0.01409460297004507
-0.5348288576300088,0.02281478039421765,-0.01376613455083048
-0.5343288576300087,0.02281478039421765,-0.01409460297004507
-0.5338288576300088,0.02281478039421765,-0.01376613455083048
-0.5333288576300087,0.02281478039421765,-0.01409460297004507
-0.5328288576300088,0.02281478039421765,-0.01376613455083048
-0.5323288576300087,0.02281478039421765,-0.01409460297004507
-0.5318288576300088,0.02281478039421765,-0.01376613455083048
-0.5313288576300087,0.02281478039421765,-0.01376613455083048
-0.5308288576300088,0.02281478039421765,-0.01409460297004507
-0.5303288576300087,0.02281478039421765,-0.01376613455083048
-0.5298288576300088,0.02281478039421765,-0.01409460297004507
-0.5293288576300087,0.02281478039421765,-0.01409460297004507
-0.5288288576300088,0.02281478039421765,-0.01376613455083048
-0.5283288576300087,0.02281478039421765,-0.01409460297004507
-0.5278288576300088,0.02281478039421765,-0.01376613455083048
-0.5273288576300087,0.02281478039421765,-0.01409460297004507
-0.5268288576300088,0.02281478039421765,-0.01409460297004507
-0.5263288576300087,0.02281478039421765,-0.01376613455083048
-0.5258288576300088,0.02281478039421765,-0.01409460297004507
-0.5253288576300087,0.02281478039421765,-0.01409460297004507
-0.5248288576300087,0.02281478039421765,-0.01409460297004507
-0.5243288576300087,0.02281478039421765,-0.01409460297004507
-0.5238288576300087,0.02281478039421765,-0.01409460297004507
-0.5233288576300087,0.02281478039421765,-0.01409460297004507
-0.5228288576300087,0.02281478039421765,-0.01409460297004507
-0.5223288576300087,0.02281478039421765,-0.01409460297004507
-0.5218288576300087,0.02281478039421765,-0.01409460297004507
-0.5213288576300087,0.02281478039421765,-0.01409460297004507
-0.5208288576300087,0.02281478039421765,-0.01409460297004507
-0.5203288576300087,0.02281478039421765,-0.01409460297004507
-0.5198288576300087,0.02281478039421765,-0.01409460297004507
-0.5193288576300087,0.02281478039421765,-0.01409460297004507
-0.5188288576300087,0.02281478039421765,-0.01376613455083048
-0.5183288576300087,0.02281478039421765,-0.01409460297004507
-0.5178288576300087,0.02281478039421765,-0.01409460297004507
-0.5173288576300087,0.02281478039421765,-0.01409460297004507
-0.5168288576300087,0.02281478039421765,-0.01409460297004507
-0.5163288576300087,0.02281478039421765,-0.01409460297004507
-0.5158288576300087,0.02281478039421765,-0.01409460297004507
-0.5153288576300087,0.02281478039421765,-0.01376613455083048
-0.5148288576300087,0.02281478039421765,-0.01409460297004507
-0.5143288576300087,0.02281478039421765,-0.01409460297004507
-0.5138288576300087,0.02281478039421765,-0.01376613455083048
-0.5133288576300087,0.02281478039421765,-0.01409460297004507
-0.5128288576300087,0.02281478039421765,-0.01409460297004507
-0.5123288576300087,0.02281478039421765,-0.01376613455083048
-0.5118288576300087,0.02281478039421765,-0.01409460297004507
-0.5113288576300087,0.02281478039421765,-0.01409460297004507
-0.5108288576300087,0.02281478039421765,-0.01409460297004507
-0.5103288576300087,0.02281478039421765,-0.01409460297004507
-0.5098288576300087,0.02281478039421765,-0.01409460297004507
-0.5093288576300087,0.02281478039421765,-0.01409460297004507
-0.5088288576300087,0.02281478039421765,-0.01409460297004507
-0.5083288576300087,0.02281478039421765,-0.01409460297004507
-0.5078288576300087,0.02281478039421765,-0.01409460297004507
-0.5073288576300087,0.02281478039421765,-0.01409460297004507
-0.5068288576300087,0.02281478039421765,-0.01409460297004507
-0.5063288576300087,0.02281478039421765,-0.01409460297004507
-0.5058288576300087,0.02281478039421765,-0.01409460297004507
-0.5053288576300087,0.02281478039421765,-0.01409460297004507
-0.5048288576300087,0.02281478039421765,-0.01409460297004507
-0.5043288576300087,0.02281478039421765,-0.01409460297004507
-0.5038288576300087,0.02281478039421765,-0.01409460297004507
-0.5033288576300087,0.02281478039421765,-0.01409460297004507
-0.5028288576300087,0.02281478039421765,-0.01409460297004507
-0.5023288576300087,0.02281478039421765,-0.01409460297004507
-0.5018288576300087,0.02281478039421765,-0.01409460297004507
-0.5013288576300087,0.02281478039421765,-0.01409460297004507
-0.5008288576300087,0.02281478039421765,-0.01409460297004507
-0.5003288576300087,0.02281478039421765,-0.01409460297004507
-0.4998288576300087,0.02281478039421765,-0.01409460297004507
-0.4993288576300087,0.02281478039421765,-0.01409460297004507
-0.4988288576300087,0.02281478039421765,-0.01409460297004507
-0.4983288576300087,0.02281478039421765,-0.01409460297004507
-0.4978288576300087,0.02281478039421765,-0.01409460297004507
-0.4973288576300087,0.02281478039421765,-0.01409460297004507
-0.4968288576300087,0.02281478039421765,-0.01409460297004507
-0.4963288576300087,0.02281478039421765,-0.01376613455083048
-0.4958288576300087,0.02281478039421765,-0.01409460297004507
-0.4953288576300087,0.02281478039421765,-0.01409460297004507
-0.4948288576300087,0.02281478039421765,-0.01409460297004507
-0.4943288576300087,0.02281478039421765,-0.01409460297004507
-0.4938288576300087,0.02281478039421765,-0.01409460297004507
-0.4933288576300087,0.02281478039421765,-0.01376613455083048
-0.4928288576300087,0.02281478039421765,-0.01409460297004507
-0.4923288576300087,0.02281478039421765,-0.01409460297004507
-0.4918288576300087,0.02281478039421765,-0.01409460297004507
-0.4913288576300087,0.02281478039421765,-0.01409460297004507
-0.4908288576300087,0.02281478039421765,-0.01409460297004507
-0.4903288576300087,0.02281478039421765,-0.01409460297004507
-0.4898288576300087,0.02281478039421765,-0.01409460297004507
-0.4893288576300087,0.02281478039421765,-0.01409460297004507
-0.4888288576300087,0.02281478039421765,-0.01376613455083048
-0.4883288576300087,0.02281478039421765,-0.01409460297004507
-0.4878288576300087,0.02281478039421765,-0.01409460297004507
-0.4873288576300087,0.02281478039421765,-0.01376613455083048
-0.4868288576300087,0.02281478039421765,-0.01409460297004507
-0.4863288576300087,0.02281478039421765,-0.01409460297004507
-0.4858288576300087,0.02281478039421765,-0.01409460297004507
-0.4853288576300087,0.02281478039421765,-0.01409460297004507
-0.4848288576300087,0.02281478039421765,-0.01409460297004507
-0.4843288576300087,0.02281478039421765,-0.01409460297004507
-0.4838288576300087,0.02281478039421765,-0.01409460297004507
-0.4833288576300087,0.02281478039421765,-0.01409460297004507
-0.4828288576300087,0.02281478039421765,-0.01409460297004507
-0.4823288576300087,0.02281478039421765,-0.01376613455083048
-0.4818288576300087,0.02281478039421765,-0.01409460297004507
-0.4813288576300087,0.02281478039421765,-0.01409460297004507
-0.4808288576300087,0.02281478039421765,-0.01409460297004507
-0.4803288576300087,0.02281478039421765,-0.01409460297004507
-0.4798288576300087,0.02281478039421765,-0.01409460297004507
-0.4793288576300087,0.02281478039421765,-0.01409460297004507
-0.4788288576300087,0.02281478039421765,-0.01409460297004507
-0.4783288576300087,0.02281478039421765,-0.01409460297004507
-0.4778288576300087,0.02281478039421765,-0.01409460297004507
-0.4773288576300087,0.02281478039421765,-0.01409460297004507
-0.4768288576300087,0.02281478039421765,-0.01409460297004507
-0.4763288576300087,0.02281478039421765,-0.01409460297004507
-0.4758288576300087,0.02281478039421765,-0.01409460297004507
-0.4753288576300087,0.02281478039421765,-0.01409460297004507
-0.4748288576300087,0.02281478039421765,-0.01409460297004507
-0.4743288576300087,0.02281478039421765,-0.01409460297004507
-0.4738288576300087,0.02281478039421765,-0.01376613455083048
-0.4733288576300087,0.02281478039421765,-0.01409460297004507
-0.4728288576300087,0.02281478039421765,-0.01409460297004507
-0.4723288576300087,0.02281478039421765,-0.01376613455083048
-0.4718288576300087,0.02281478039421765,-0.01409460297004507
-0.4713288576300087,0.02281478039421765,-0.01409460297004507
-0.4708288576300087,0.02281478039421765,-0.01409460297004507
-0.4703288576300087,0.02281478039421765,-0.01409460297004507
-0.4698288576300087,0.02281478039421765,-0.01376613455083048
-0.4693288576300087,0.02281478039421765,-0.01409460297004507
-0.4688288576300087,0.02281478039421765,-0.01409460297004507
-0.4683288576300088,0.02281478039421765,-0.01376613455083048
-0.4678288576300088,0.02281478039421765,-0.01409460297004507
-0.4673288576300088,0.02281478039421765,-0.01409460297004507
-0.4668288576300088,0.02281478039421765,-0.01409460297004507
-0.4663288576300088,0.02281478039421765,-0.01409460297004507
-0.4658288576300088,0.02281478039421765,-0.01409460297004507
-0.4653288576300088,0.02281478039421765,-0.01409460297004507
-0.4648288576300088,0.02281478039421765,-0.01409460297004507
-0.4643288576300088,0.02281478039421765,-0.01409460297004507
-0.4638288576300088,0.02281478039421765,-0.01409460297004507
-0.4633288576300088,0.02281478039421765,-0.01409460297004507
-0.4628288576300087,0.02281478039421765,-0.01409460297004507
-0.4623288576300087,0.02281478039421765,-0.01409460297004507
-0.4618288576300087,0.02281478039421765,-0.01409460297004507
-0.4613288576300087,0.02281478039421765,-0.01409460297004507
-0.4608288576300087,0.02281478039421765,-0.01409460297004507
-0.4603288576300087,0.02281478039421765,-0.01409460297004507
-0.4598288576300087,0.02281478039421765,-0.01409460297004507
-0.4593288576300087,0.02281478039421765,-0.01409460297004507
-0.4588288576300087,0.02281478039421765,-0.01409460297004507
-0.4583288576300087,0.02281478039421765,-0.01409460297004507
-0.4578288576300087,0.02281478039421765,-0.01409460297004507
-0.4573288576300087,0.02281478039421765,-0.01409460297004507
-0.4568288576300087,0.02281478039421765,-0.01442307138925965
-0.4563288576300087,0.02281478039421765,-0.01409460297004507
-0.4558288576300087,0.02281478039421765,-0.01442307138925965
-0.4553288576300087,0.02281478039421765,-0.01409460297004507
-0.4548288576300087,0.02281478039421765,-0.01409460297004507
-0.4543288576300087,0.02281478039421765,-0.01409460297004507
-0.4538288576300087,0.02281478039421765,-0.01409460297004507
-0.4533288576300087,0.02281478039421765,-0.01409460297004507
-0.4528288576300087,0.02281478039421765,-0.01409460297004507
-0.4523288576300087,0.02281478039421765,-0.01409460297004507
-0.4518288576300087,0.02281478039421765,-0.01409460297004507
-0.4513288576300087,0.02281478039421765,-0.01409460297004507
-0.4508288576300087,0.02281478039421765,-0.01409460297004507
-0.4503288576300087,0.02281478039421765,-0.01442307138925965
-0.4498288576300087,0.02281478039421765,-0.01409460297004507
-0.4493288576300087,0.02281478039421765,-0.01409460297004507
-0.4488288576300087,0.02281478039421765,-0.01442307138925965
-0.4483288576300087,0.02281478039421765,-0.01409460297004507
-0.4478288576300087,0.02281478039421765,-0.01409460297004507
-0.4473288576300087,0.02281478039421765,-0.01409460297004507
-0.4468288576300087,0.02281478039421765,-0.01409460297004507
-0.4463288576300087,0.02281478039421765,-0.01409460297004507
-0.4458288576300087,0.02281478039421765,-0.01442307138925965
-0.4453288576300087,0.02281478039421765,-0.01409460297004507
-0.4448288576300087,0.02281478039421765,-0.01409460297004507
-0.4443288576300087,0.02281478039421765,-0.01409460297004507
-0.4438288576300087,0.02281478039421765,-0.01409460297004507
-0.4433288576300087,0.02281478039421765,-0.01409460297004507
-0.4428288576300087,0.02281478039421765,-0.01409460297004507
-0.4423288576300087,0.02281478039421765,-0.01409460297004507
-0.4418288576300087,0.02281478039421765,-0.01409460297004507
-0.4413288576300087,0.02281478039421765,-0.01409460297004507
-0.4408288576300087,0.02281478039421765,-0.01409460297004507
-0.4403288576300087,0.02281478039421765,-0.01409460297004507
-0.4398288576300087,0.02281478039421765,-0.01409460297004507
-0.4393288576300087,0.02281478039421765,-0.01442307138925965
-0.4388288576300087,0.02281478039421765,-0.01409460297004507
-0.4383288576300087,0.02281478039421765,-0.01409460297004507
-0.4378288576300087,0.02281478039421765,-0.01409460297004507
-0.4373288576300087,0.02281478039421765,-0.01409460297004507
-0.4368288576300087,0.02281478039421765,-0.01442307138925965
-0.4363288576300087,0.02281478039421765,-0.01442307138925965
-0.4358288576300087,0.02281478039421765,-0.01409460297004507
-0.4353288576300087,0.02281478039421765,-0.01409460297004507
-0.4348288576300087,0.02281478039421765,-0.01442307138925965
-0.4343288576300087,0.02281478039421765,-0.01409460297004507
-0.4338288576300087,0.02281478039421765,-0.01409460297004507
-0.4333288576300087,0.02281478039421765,-0.01409460297004507
-0.4328288576300087,0.02281478039421765,-0.01409460297004507
-0.4323288576300087,0.02281478039421765,-0.01409460297004507
-0.4318288576300087,0.02281478039421765,-0.01409460297004507
-0.4313288576300087,0.02281478039421765,-0.01409460297004507
-0.4308288576300087,0.02281478039421765,-0.01409460297004507
-0.4303288576300087,0.02281478039421765,-0.01409460297004507
-0.4298288576300087,0.02281478039421765,-0.01409460297004507
-0.4293288576300087,0.02281478039421765,-0.01409460297004507
-0.4288288576300087,0.02281478039421765,-0.01409460297004507
-0.4283288576300087,0.02281478039421765,-0.01409460297004507
-0.4278288576300087,0.02281478039421765,-0.01409460297004507
-0.4273288576300087,0.02281478039421765,-0.01409460297004507
-0.4268288576300087,0.02281478039421765,-0.01409460297004507
-0.4263288576300087,0.02281478039421765,-0.01409460297004507
-0.4258288576300087,0.02281478039421765,-0.01409460297004507
-0.4253288576300087,0.02281478039421765,-0.01409460297004507
-0.4248288576300087,0.02281478039421765,-0.01409460297004507
-0.4243288576300087,0.02281478039421765,-0.01409460297004507
-0.4238288576300087,0.02281478039421765,-0.01442307138925965
-0.4233288576300087,0.02281478039421765,-0.01409460297004507
-0.4228288576300087,0.02281478039421765,-0.01409460297004507
-0.4223288576300087,0.02281478039421765,-0.01409460297004507
-0.4218288576300087,0.02281478039421765,-0.01409460297004507
-0.4213288576300087,0.02281478039421765,-0.01409460297004507
-0.4208288576300087,0.02281478039421765,-0.01409460297004507
-0.4203288576300087,0.02281478039421765,-0.01409460297004507
-0.4198288576300087,0.02281478039421765,-0.01409460297004507
-0.4193288576300087,0.02281478039421765,-0.01409460297004507
-0.4188288576300087,0.02281478039421765,-0.01376613455083048
-0.4183288576300087,0.02281478039421765,-0.01409460297004507
-0.4178288576300087,0.02281478039421765,-0.01409460297004507
-0.4173288576300087,0.02281478039421765,-0.01409460297004507
-0.4168288576300087,0.02281478039421765,-0.01409460297004507
-0.4163288576300087,0.02281478039421765,-0.01409460297004507
-0.4158288576300087,0.02281478039421765,-0.01409460297004507
-0.4153288576300087,0.02281478039421765,-0.01409460297004507
-0.4148288576300087,0.02281478039421765,-0.01409460297004507
-0.4143288576300087,0.02281478039421765,-0.01409460297004507
-0.4138288576300087,0.02281478039421765,-0.01409460297004507
-0.4133288576300087,0.02281478039421765,-0.01409460297004507
-0.4128288576300087,0.02281478039421765,-0.01409460297004507
-0.4123288576300087,0.02281478039421765,-0.01409460297004507
-0.4118288576300087,0.02281478039421765,-0.01409460297004507
-0.4113288576300087,0.02281478039421765,-0.01409460297004507
-0.4108288576300087,0.02281478039421765,-0.01409460297004507
-0.4103288576300087,0.02281478039421765,-0.01376613455083048
-0.4098288576300087,0.02281478039421765,-0.01409460297004507
-0.4093288576300087,0.02281478039421765,-0.01409460297004507
-0.4088288576300087,0.02281478039421765,-0.01409460297004507
-0.4083288576300087,0.02281478039421765,-0.01409460297004507
-0.4078288576300087,0.02281478039421765,-0.01409460297004507
-0.4073288576300087,0.02281478039421765,-0.01409460297004507
-0.4068288576300087,0.02281478039421765,-0.01409460297004507
-0.4063288576300087,0.02281478039421765,-0.01409460297004507
-0.4058288576300088,0.02281478039421765,-0.01409460297004507
-0.4053288576300088,0.02281478039421765,-0.01409460297004507
-0.4048288576300088,0.02281478039421765,-0.01409460297004507
-0.4043288576300088,0.02281478039421765,-0.01409460297004507
-0.4038288576300088,0.02281478039421765,-0.01409460297004507
-0.4033288576300088,0.02281478039421765,-0.01409460297004507
-0.4028288576300088,0.02281478039421765,-0.01409460297004507
-0.4023288576300088,0.02281478039421765,-0.01409460297004507
-0.4018288576300088,0.02281478039421765,-0.01409460297004507
-0.4013288576300088,0.02281478039421765,-0.01409460297004507
-0.4008288576300088,0.02281478039421765,-0.01409460297004507
-0.4003288576300087,0.02281478039421765,-0.01409460297004507
-0.3998288576300087,0.02281478039421765,-0.01409460297004507
-0.3993288576300087,0.02281478039421765,-0.01409460297004507
-0.3988288576300087,0.02281478039421765,-0.01409460297004507
-0.3983288576300087,0.02281478039421765,-0.01409460297004507
-0.3978288576300087,0.02281478039421765,-0.01376613455083048
-0.3973288576300087,0.02281478039421765,-0.01409460297004507
-0.3968288576300087,0.02281478039421765,-0.01409460297004507
-0.3963288576300087,0.02281478039421765,-0.01409460297004507
-0.3958288576300087,0.02281478039421765,-0.01409460297004507
-0.3953288576300087,0.02281478039421765,-0.01409460297004507
-0.3948288576300087,0.02281478039421765,-0.01409460297004507
-0.3943288576300087,0.01914367252093209,-0.01409460297004507
-0.3938288576300087,0.01914367252093209,-0.01409460297004507
-0.3933288576300087,0.02281478039421765,-0.01376613455083048
-0.3928288576300087,0.02281478039421765,-0.01409460297004507
-0.3923288576300087,0.02281478039421765,-0.01409460297004507
-0.3918288576300087,0.02281478039421765,-0.01409460297004507
-0.3913288576300087,0.02281478039421765,-0.01409460297004507
-0.3908288576300087,0.02281478039421765,-0.01376613455083048
-0.3903288576300087,0.02281478039421765,-0.01409460297004507
-0.3898288576300087,0.02281478039421765,-0.01409460297004507
-0.3893288576300087,0.02281478039421765,-0.01409460297004507
-0.3888288576300087,0.02281478039421765,-0.01409460297004507
-0.3883288576300087,0.02281478039421765,-0.01409460297004507
-0.3878288576300087,0.02281478039421765,-0.01409460297004507
-0.3873288576300087,0.02281478039421765,-0.01409460297004507
-0.3868288576300087,0.02281478039421765,-0.01409460297004507
-0.3863288576300087,0.02281478039421765,-0.01409460297004507
-0.3858288576300087,0.02281478039421765,-0.01409460297004507
-0.3853288576300087,0.02281478039421765,-0.01409460297004507
-0.3848288576300087,0.02281478039421765,-0.01409460297004507
-0.3843288576300087,0.02281478039421765,-0.01409460297004507
-0.3838288576300087,0.02281478039421765,-0.01409460297004507
-0.3833288576300087,0.02281478039421765,-0.01409460297004507
-0.3828288576300087,0.02281478039421765,-0.01376613455083048
-0.3823288576300087,0.02281478039421765,-0.01409460297004507
-0.3818288576300087,0.02281478039421765,-0.01409460297004507
-0.3813288576300087,0.02281478039421765,-0.01409460297004507
-0.3808288576300087,0.02281478039421765,-0.01409460297004507
-0.3803288576300087,0.02281478039421765,-0.01409460297004507
-0.3798288576300087,0.02281478039421765,-0.01409460297004507
-0.3793288576300087,0.02281478039421765,-0.01409460297004507
-0.3788288576300087,0.02281478039421765,-0.01409460297004507
-0.3783288576300087,0.02281478039421765,-0.01409460297004507
-0.3778288576300087,0.02281478039421765,-0.01409460297004507
-0.3773288576300087,0.02281478039421765,-0.01409460297004507
-0.3768288576300087,0.02281478039421765,-0.01409460297004507
-0.3763288576300087,0.02281478039421765,-0.01409460297004507
-0.3758288576300087,0.02281478039421765,-0.01409460297004507
-0.3753288576300087,0.02281478039421765,-0.01409460297004507
-0.3748288576300087,0.02281478039421765,-0.01409460297004507
-0.3743288576300087,0.02281478039421765,-0.01409460297004507
-0.3738288576300087,0.02281478039421765,-0.01409460297004507
-0.3733288576300087,0.02281478039421765,-0.01409460297004507
-0.3728288576300087,0.02281478039421765,-0.01409460297004507
-0.3723288576300087,0.02281478039421765,-0.01409460297004507
-0.3718288576300087,0.02281478039421765,-0.01409460297004507
-0.3713288576300087,0.02281478039421765,-0.01409460297004507
-0.3708288576300087,0.02281478039421765,-0.01409460297004507
-0.3703288576300087,0.02281478039421765,-0.01409460297004507
-0.3698288576300087,0.02281478039421765,-0.01409460297004507
-0.3693288576300087,0.02281478039421765,-0.01409460297004507
-0.3688288576300087,0.02281478039421765,-0.01409460297004507
-0.3683288576300087,0.02281478039421765,-0.01409460297004507
-0.3678288576300087,0.02281478039421765,-0.01409460297004507
-0.3673288576300087,0.02281478039421765,-0.01409460297004507
-0.3668288576300087,0.02281478039421765,-0.01409460297004507
-0.3663288576300087,0.02281478039421765,-0.01409460297004507
-0.3658288576300087,0.02281478039421765,-0.01409460297004507
-0.3653288576300087,0.02281478039421765,-0.01409460297004507
-0.3648288576300087,0.02281478039421765,-0.01409460297004507
-0.3643288576300087,0.02281478039421765,-0.01409460297004507
-0.3638288576300087,0.02281478039421765,-0.01409460297004507
-0.3633288576300087,0.02281478039421765,-0.01409460297004507
-0.3628288576300087,0.02281478039421765,-0.01409460297004507
-0.3623288576300087,0.02281478039421765,-0.01409460297004507
-0.3618288576300087,0.02281478039421765,-0.01409460297004507
-0.3613288576300087,0.02281478039421765,-0.01409460297004507
-0.3608288576300087,0.02281478039421765,-0.01409460297004507
-0.3603288576300087,0.02281478039421765,-0.01409460297004507
-0.3598288576300087,0.02281478039421765,-0.01409460297004507
-0.3593288576300087,0.02281478039421765,-0.01409460297004507
-0.3588288576300087,0.02281478039421765,-0.01409460297004507
-0.3583288576300087,0.02281478039421765,-0.01409460297004507
-0.3578288576300087,0.02281478039421765,-0.01409460297004507
-0.3573288576300087,0.02281478039421765,-0.01409460297004507
-0.3568288576300087,0.02281478039421765,-0.01409460297004507
-0.3563288576300087,0.02281478039421765,-0.01376613455083048
-0.3558288576300087,0.02281478039421765,-0.01409460297004507
-0.3553288576300087,0.02281478039421765,-0.01409460297004507
-0.3548288576300087,0.02281478039421765,-0.01376613455083048
-0.3543288576300087,0.02281478039421765,-0.01409460297004507
-0.3538288576300087,0.02281478039421765,-0.01409460297004507
-0.3533288576300087,0.02281478039421765,-0.01376613455083048
-0.3528288576300087,0.02281478039421765,-0.01409460297004507
-0.3523288576300087,0.02281478039421765,-0.01409460297004507
-0.3518288576300087,0.02281478039421765,-0.01376613455083048
-0.3513288576300087,0.02281478039421765,-0.01409460297004507
-0.3508288576300087,0.02281478039421765,-0.01409460297004507
-0.3503288576300087,0.02281478039421765,-0.01376613455083048
-0.3498288576300087,0.02281478039421765,-0.01409460297004507
-0.3493288576300087,0.02281478039421765,-0.01409460297004507
-0.3488288576300087,0.02281478039421765,-0.01376613455083048
-0.3483288576300087,0.02281478039421765,-0.01376613455083048
-0.3478288576300087,0.02281478039421765,-0.01409460297004507
-0.3473288576300087,0.02281478039421765,-0.01376613455083048
-0.3468288576300087,0.02281478039421765,-0.01409460297004507
-0.3463288576300087,0.02281478039421765,-0.01409460297004507
-0.3458288576300087,0.02281478039421765,-0.01376613455083048
-0.3453288576300087,0.02281478039421765,-0.01409460297004507
-0.3448288576300087,0.02281478039421765,-0.01409460297004507
-0.3443288576300087,0.02281478039421765,-0.01409460297004507
-0.3438288576300087,0.02281478039421765,-0.01409460297004507
-0.3433288576300088,0.02281478039421765,-0.01409460297004507
-0.3428288576300088,0.02281478039421765,-0.01376613455083048
-0.3423288576300088,0.02281478039421765,-0.01409460297004507
-0.3418288576300088,0.02281478039421765,-0.01409460297004507
-0.3413288576300088,0.02281478039421765,-0.01376613455083048
-0.3408288576300088,0.02281478039421765,-0.01409460297004507
-0.3403288576300088,0.02281478039421765,-0.01409460297004507
-0.3398288576300088,0.02281478039421765,-0.01409460297004507
-0.3393288576300088,0.02281478039421765,-0.01409460297004507
-0.3388288576300088,0.02281478039421765,-0.01409460297004507
-0.3383288576300088,0.02281478039421765,-0.01376613455083048
-0.3378288576300087,0.02281478039421765,-0.01409460297004507
-0.3373288576300087,0.02281478039421765,-0.01409460297004507
-0.3368288576300087,0.02281478039421765,-0.01376613455083048
-0.3363288576300087,0.02281478039421765,-0.01409460297004507
-0.3358288576300087,0.02281478039421765,-0.01409460297004507
-0.3353288576300087,0.02281478039421765,-0.01376613455083048
-0.3348288576300087,0.02281478039421765,-0.01409460297004507
-0.3343288576300087,0.02281478039421765,-0.01409460297004507
-0.3338288576300087,0.02281478039421765,-0.01409460297004507
-0.3333288576300087,0.02281478039421765,-0.01409460297004507
-0.3328288576300087,0.02281478039421765,-0.01409460297004507
-0.3323288576300087,0.02281478039421765,-0.01376613455083048
-0.3318288576300087,0.02281478039421765,-0.01409460297004507
-0.3313288576300087,0.02281478039421765,-0.01376613455083048
-0.3308288576300087,0.02281478039421765,-0.01376613455083048
-0.3303288576300087,0.02281478039421765,-0.01409460297004507
-0.3298288576300087,0.02281478039421765,-0.01376613455083048
-0.3293288576300087,0.02281478039421765,-0.01409460297004507
-0.3288288576300087,0.02281478039421765,-0.01409460297004507
-0.3283288576300087,0.02281478039421765,-0.01376613455083048
-0.3278288576300087,0.02281478039421765,-0.01409460297004507
-0.3273288576300087,0.02281478039421765,-0.01409460297004507
-0.3268288576300087,0.02281478039421765,-0.01376613455083048
-0.3263288576300087,0.02281478039421765,-0.01409460297004507
-0.3258288576300087,0.02281478039421765,-0.01409460297004507
-0.3253288576300087,0.02281478039421765,-0.01376613455083048
-0.3248288576300087,0.02281478039421765,-0.01409460297004507
-0.3243288576300087,0.02281478039421765,-0.01409460297004507
-0.3238288576300087,0.02281478039421765,-0.01409460297004507
-0.3233288576300087,0.02281478039421765,-0.01409460297004507
-0.3228288576300087,0.02281478039421765,-0.01409460297004507
-0.3223288576300087,0.02281478039421765,-0.01409460297004507
-0.3218288576300087,0.02281478039421765,-0.01409460297004507
-0.3213288576300087,0.02281478039421765,-0.01409460297004507
-0.3208288576300087,0.02281478039421765,-0.01409460297004507
-0.3203288576300087,0.02281478039421765,-0.01376613455083048
-0.3198288576300087,0.02281478039421765,-0.01409460297004507
-0.3193288576300087,0.02281478039421765,-0.01409460297004507
-0.3188288576300087,0.02281478039421765,-0.01409460297004507
-0.3183288576300087,0.02281478039421765,-0.01409460297004507
-0.3178288576300087,0.02281478039421765,-0.01409460297004507
-0.3173288576300087,0.02281478039421765,-0.01409460297004507
-0.3168288576300087,0.02281478039421765,-0.01409460297004507
-0.3163288576300087,0.02281478039421765,-0.01409460297004507
-0.3158288576300087,0.02281478039421765,-0.01409460297004507
-0.3153288576300087,0.02281478039421765,-0.01409460297004507
-0.3148288576300087,0.02281478039421765,-0.01409460297004507
-0.3143288576300087,0.02281478039421765,-0.01376613455083048
-0.3138288576300087,0.02281478039421765,-0.01409460297004507
-0.3133288576300087,0.02281478039421765,-0.01409460297004507
-0.3128288576300087,0.02281478039421765,-0.01409460297004507
-0.3123288576300087,0.02281478039421765,-0.01409460297004507
-0.3118288576300087,0.02281478039421765,-0.01409460297004507
-0.3113288576300087,0.02281478039421765,-0.01409460297004507
-0.3108288576300087,0.02281478039421765,-0.01409460297004507
-0.3103288576300087,0.02281478039421765,-0.01409460297004507
-0.3098288576300087,0.02281478039421765,-0.01376613455083048
-0.3093288576300087,0.02281478039421765,-0.01409460297004507
-0.3088288576300087,0.02281478039421765,-0.01376613455083048
-0.3083288576300087,0.02281478039421765,-0.01409460297004507
-0.3078288576300087,0.02281478039421765,-0.01376613455083048
-0.3073288576300087,0.02281478039421765,-0.01409460297004507
-0.3068288576300087,0.02281478039421765,-0.01409460297004507
-0.3063288576300087,0.02281478039421765,-0.01409460297004507
-0.3058288576300087,0.02281478039421765,-0.01409460297004507
-0.3053288576300087,0.02281478039421765,-0.01409460297004507
-0.3048288576300087,0.02281478039421765,-0.01409460297004507
-0.3043288576300087,0.02281478039421765,-0.01409460297004507
-0.3038288576300087,0.02281478039421765,-0.01409460297004507
-0.3033288576300087,0.02281478039421765,-0.01409460297004507
-0.3028288576300087,0.02281478039421765,-0.01409460297004507
-0.3023288576300087,0.02281478039421765,-0.01409460297004507
-0.3018288576300087,0.02281478039421765,-0.01376613455083048
-0.3013288576300087,0.02281478039421765,-0.01409460297004507
-0.3008288576300087,0.02281478039421765,-0.01409460297004507
-0.3003288576300087,0.02281478039421765,-0.01409460297004507
-0.2998288576300087,0.02281478039421765,-0.01409460297004507
-0.2993288576300087,0.02281478039421765,-0.01376613455083048
-0.2988288576300087,0.02281478039421765,-0.01409460297004507
-0.2983288576300087,0.02281478039421765,-0.01409460297004507
-0.2978288576300087,0.02281478039421765,-0.01409460297004507
-0.2973288576300087,0.02281478039421765,-0.01409460297004507
-0.2968288576300087,0.02281478039421765,-0.01409460297004507
-0.2963288576300087,0.02281478039421765,-0.01409460297004507
-0.2958288576300087,0.02281478039421765,-0.01409460297004507
-0.2953288576300087,0.02281478039421765,-0.01409460297004507
-0.2948288576300087,0.02281478039421765,-0.01409460297004507
-0.2943288576300087,0.02281478039421765,-0.01409460297004507
-0.2938288576300087,0.02281478039421765,-0.01376613455083048
-0.2933288576300087,0.02281478039421765,-0.01409460297004507
-0.2928288576300087,0.02281478039421765,-0.01409460297004507
-0.2923288576300087,0.02281478039421765,-0.01376613455083048
-0.2918288576300087,0.02281478039421765,-0.01409460297004507
-0.2913288576300087,0.02281478039421765,-0.01409460297004507
-0.2908288576300087,0.02281478039421765,-0.01409460297004507
-0.2903288576300087,0.02281478039421765,-0.01409460297004507
-0.2898288576300087,0.02281478039421765,-0.01409460297004507
-0.2893288576300087,0.02281478039421765,-0.01409460297004507
-0.2888288576300087,0.02281478039421765,-0.01409460297004507
-0.2883288576300087,0.02281478039421765,-0.01409460297004507
-0.2878288576300087,0.02281478039421765,-0.01409460297004507
-0.2873288576300087,0.02281478039421765,-0.01409460297004507
-0.2868288576300087,0.01914367252093209,-0.01409460297004507
-0.2863288576300087,0.02281478039421765,-0.01409460297004507
-0.2858288576300087,0.02281478039421765,-0.01409460297004507
-0.2853288576300087,0.02281478039421765,-0.01409460297004507
-0.2848288576300087,0.02281478039421765,-0.01409460297004507
-0.2843288576300087,0.02281478039421765,-0.01409460297004507
-0.2838288576300087,0.02281478039421765,-0.01409460297004507
-0.2833288576300087,0.02281478039421765,-0.01409460297004507
-0.2828288576300087,0.02281478039421765,-0.01409460297004507
-0.2823288576300087,0.02281478039421765,-0.01409460297004507
-0.2818288576300087,0.02281478039421765,-0.01409460297004507
-0.2813288576300087,0.02281478039421765,-0.01409460297004507
-0.2808288576300088,0.02281478039421765,-0.01409460297004507
-0.2803288576300088,0.02281478039421765,-0.01409460297004507
-0.2798288576300088,0.02281478039421765,-0.01376613455083048
-0.2793288576300088,0.02281478039421765,-0.01409460297004507
-0.2788288576300088,0.02281478039421765,-0.01409460297004507
-0.2783288576300088,0.02281478039421765,-0.01409460297004507
-0.2778288576300088,0.02281478039421765,-0.01376613455083048
-0.2773288576300088,0.02281478039421765,-0.01409460297004507
-0.2768288576300088,0.02281478039421765,-0.01409460297004507
-0.2763288576300088,0.02281478039421765,-0.01409460297004507
-0.2758288576300088,0.02281478039421765,-0.01409460297004507
-0.2753288576300087,0.02281478039421765,-0.01409460297004507
-0.2748288576300087,0.02281478039421765,-0.01409460297004507
-0.2743288576300087,0.02281478039421765,-0.01376613455083048
-0.2738288576300087,0.02281478039421765,-0.01409460297004507
-0.2733288576300087,0.02281478039421765,-0.01376613455083048
-0.2728288576300087,0.02281478039421765,-0.01409460297004507
-0.2723288576300087,0.02281478039421765,-0.01409460297004507
-0.2718288576300087,0.02281478039421765,-0.01409460297004507
-0.2713288576300087,0.02281478039421765,-0.01409460297004507
-0.2708288576300087,0.02281478039421765,-0.01409460297004507
-0.2703288576300087,0.02281478039421765,-0.01409460297004507
-0.2698288576300087,0.02281478039421765,-0.01409460297004507
-0.2693288576300087,0.02281478039421765,-0.01409460297004507
-0.2688288576300087,0.02281478039421765,-0.01409460297004507
-0.2683288576300087,0.02281478039421765,-0.01409460297004507
-0.2678288576300087,0.02281478039421765,-0.01409460297004507
-0.2673288576300087,0.02281478039421765,-0.01409460297004507
-0.2668288576300087,0.02281478039421765,-0.01409460297004507
-0.2663288576300087,0.02281478039421765,-0.01409460297004507
-0.2658288576300087,0.02281478039421765,-0.01409460297004507
-0.2653288576300087,0.02281478039421765,-0.01409460297004507
-0.2648288576300087,0.02281478039421765,-0.01409460297004507
-0.2643288576300087,0.02281478039421765,-0.01409460297004507
-0.2638288576300087,0.02281478039421765,-0.01409460297004507
-0.2633288576300087,0.02281478039421765,-0.01409460297004507
-0.2628288576300087,0.02281478039421765,-0.01409460297004507
-0.2623288576300087,0.02281478039421765,-0.01409460297004507
-0.2618288576300087,0.02281478039421765,-0.01409460297004507
-0.2613288576300087,0.02281478039421765,-0.01409460297004507
-0.2608288576300087,0.02281478039421765,-0.01409460297004507
-0.2603288576300087,0.02281478039421765,-0.01409460297004507
-0.2598288576300087,0.02281478039421765,-0.01409460297004507
-0.2593288576300087,0.02281478039421765,-0.01409460297004507
-0.2588288576300087,0.02281478039421765,-0.01409460297004507
-0.2583288576300087,0.02281478039421765,-0.01409460297004507
-0.2578288576300087,0.02281478039421765,-0.01409460297004507
-0.2573288576300087,0.02281478039421765,-0.01409460297004507
-0.2568288576300087,0.02281478039421765,-0.01409460297004507
-0.2563288576300087,0.02281478039421765,-0.01409460297004507
-0.2558288576300087,0.02281478039421765,-0.01409460297004507
-0.2553288576300087,0.02281478039421765,-0.01409460297004507
-0.2548288576300087,0.02281478039421765,-0.01409460297004507
-0.2543288576300087,0.02281478039421765,-0.01409460297004507
-0.2538288576300087,0.02281478039421765,-0.01409460297004507
-0.2533288576300087,0.02281478039421765,-0.01409460297004507
-0.2528288576300087,0.02281478039421765,-0.01409460297004507
-0.2523288576300087,0.02281478039421765,-0.01409460297004507
-0.2518288576300087,0.02281478039421765,-0.01409460297004507
-0.2513288576300087,0.02281478039421765,-0.01409460297004507
-0.2508288576300087,0.02281478039421765,-0.01409460297004507
-0.2503288576300087,0.02281478039421765,-0.01409460297004507
-0.2498288576300087,0.02281478039421765,-0.01376613455083048
-0.2493288576300087,0.02281478039421765,-0.01409460297004507
-0.2488288576300087,0.02281478039421765,-0.01409460297004507
-0.2483288576300087,0.02281478039421765,-0.01409460297004507
-0.2478288576300087,0.02281478039421765,-0.01409460297004507
-0.2473288576300087,0.01914367252093209,-0.01409460297004507
-0.2468288576300087,0.02281478039421765,-0.01409460297004507
-0.2463288576300087,0.02281478039421765,-0.01409460297004507
-0.2458288576300087,0.02281478039421765,-0.01409460297004507
-0.2453288576300087,0.02281478039421765,-0.01409460297004507
-0.2448288576300087,0.02281478039421765,-0.01409460297004507
-0.2443288576300087,0.02281478039421765,-0.01409460297004507
-0.2438288576300087,0.02281478039421765,-0.01409460297004507
-0.2433288576300087,0.02281478039421765,-0.01409460297004507
-0.2428288576300087,0.02281478039421765,-0.01409460297004507
-0.2423288576300087,0.02281478039421765,-0.01409460297004507
-0.2418288576300087,0.02281478039421765,-0.01409460297004507
-0.2413288576300087,0.02281478039421765,-0.01409460297004507
-0.2408288576300087,0.02281478039421765,-0.01409460297004507
-0.2403288576300087,0.02281478039421765,-0.01409460297004507
-0.2398288576300087,0.02281478039421765,-0.01409460297004507
-0.2393288576300087,0.02281478039421765,-0.01409460297004507
-0.2388288576300087,0.02281478039421765,-0.01409460297004507
-0.2383288576300087,0.02281478039421765,-0.01409460297004507
-0.2378288576300087,0.02281478039421765,-0.01409460297004507
-0.2373288576300087,0.02281478039421765,-0.01409460297004507
-0.2368288576300087,0.02281478039421765,-0.01409460297004507
-0.2363288576300087,0.02281478039421765,-0.01409460297004507
-0.2358288576300087,0.02281478039421765,-0.01409460297004507
-0.2353288576300087,0.02281478039421765,-0.01409460297004507
-0.2348288576300087,0.02281478039421765,-0.01409460297004507
-0.2343288576300087,0.02281478039421765,-0.01409460297004507
-0.2338288576300087,0.02281478039421765,-0.01409460297004507
-0.2333288576300087,0.02281478039421765,-0.01409460297004507
-0.2328288576300087,0.02281478039421765,-0.01409460297004507
-0.2323288576300087,0.02281478039421765,-0.01409460297004507
-0.2318288576300087,0.02281478039421765,-0.01409460297004507
-0.2313288576300087,0.02281478039421765,-0.01409460297004507
-0.2308288576300087,0.01914367252093209,-0.01409460297004507
-0.2303288576300087,0.02281478039421765,-0.01409460297004507
-0.2298288576300087,0.02281478039421765,-0.01409460297004507
-0.2293288576300087,0.02281478039421765,-0.01409460297004507
-0.2288288576300087,0.02281478039421765,-0.01409460297004507
-0.2283288576300087,0.02281478039421765,-0.01409460297004507
-0.2278288576300087,0.02281478039421765,-0.01409460297004507
-0.2273288576300087,0.02281478039421765,-0.01409460297004507
-0.2268288576300087,0.02281478039421765,-0.01409460297004507
-0.2263288576300087,0.02281478039421765,-0.01409460297004507
-0.2258288576300087,0.02281478039421765,-0.01409460297004507
-0.2253288576300087,0.02281478039421765,-0.01409460297004507
-0.2248288576300087,0.02281478039421765,-0.01409460297004507
-0.2243288576300087,0.02281478039421765,-0.01409460297004507
-0.2238288576300087,0.01914367252093209,-0.01409460297004507
-0.2233288576300087,0.02281478039421765,-0.01409460297004507
-0.2228288576300087,0.02281478039421765,-0.01409460297004507
-0.2223288576300087,0.02281478039421765,-0.01409460297004507
-0.2218288576300087,0.02281478039421765,-0.01409460297004507
-0.2213288576300087,0.02281478039421765,-0.01409460297004507
-0.2208288576300087,0.02281478039421765,-0.01409460297004507
-0.2203288576300087,0.02281478039421765,-0.01409460297004507
-0.2198288576300087,0.01914367252093209,-0.01409460297004507
-0.2193288576300087,0.01914367252093209,-0.01409460297004507
-0.2188288576300087,0.01914367252093209,-0.01409460297004507
-0.2183288576300087,0.01914367252093209,-0.01409460297004507
-0.2178288576300087,0.02281478039421765,-0.01409460297004507
-0.2173288576300087,0.02281478039421765,-0.01409460297004507
-0.2168288576300087,0.02281478039421765,-0.01409460297004507
-0.2163288576300087,0.02281478039421765,-0.01409460297004507
-0.2158288576300087,0.02281478039421765,-0.01409460297004507
-0.2153288576300087,0.02281478039421765,-0.01409460297004507
-0.2148288576300087,0.02281478039421765,-0.01409460297004507
-0.2143288576300087,0.02281478039421765,-0.01409460297004507
-0.2138288576300087,0.02281478039421765,-0.01409460297004507
-0.2133288576300087,0.02281478039421765,-0.01409460297004507
-0.2128288576300087,0.02281478039421765,-0.01409460297004507
-0.2123288576300087,0.02281478039421765,-0.01409460297004507
-0.2118288576300087,0.02281478039421765,-0.01409460297004507
-0.2113288576300087,0.02281478039421765,-0.01409460297004507
-0.2108288576300087,0.02281478039421765,-0.01409460297004507
-0.2103288576300087,0.02281478039421765,-0.01409460297004507
-0.2098288576300087,0.02281478039421765,-0.01409460297004507
-0.2093288576300087,0.02281478039421765,-0.01409460297004507
-0.2088288576300087,0.02281478039421765,-0.01409460297004507
-0.2083288576300087,0.02281478039421765,-0.01409460297004507
-0.2078288576300087,0.02281478039421765,-0.01409460297004507
-0.2073288576300087,0.02281478039421765,-0.01409460297004507
-0.2068288576300087,0.02281478039421765,-0.01409460297004507
-0.2063288576300087,0.02281478039421765,-0.01409460297004507
-0.2058288576300087,0.02281478039421765,-0.01409460297004507
-0.2053288576300087,0.02281478039421765,-0.01409460297004507
-0.2048288576300087,0.02281478039421765,-0.01409460297004507
-0.2043288576300087,0.02281478039421765,-0.01409460297004507
-0.2038288576300087,0.02281478039421765,-0.01409460297004507
-0.2033288576300087,0.02281478039421765,-0.01409460297004507
-0.2028288576300087,0.02281478039421765,-0.01409460297004507
-0.2023288576300087,0.02281478039421765,-0.01409460297004507
-0.2018288576300087,0.02281478039421765,-0.01409460297004507
-0.2013288576300087,0.02281478039421765,-0.01409460297004507
-0.2008288576300087,0.02281478039421765,-0.01409460297004507
-0.2003288576300087,0.02281478039421765,-0.01442307138925965
-0.1998288576300087,0.02281478039421765,-0.01409460297004507
-0.1993288576300087,0.02281478039421765,-0.01409460297004507
-0.1988288576300087,0.02281478039421765,-0.01409460297004507
-0.1983288576300087,0.02281478039421765,-0.01409460297004507
-0.1978288576300087,0.02281478039421765,-0.01409460297004507
-0.1973288576300087,0.02281478039421765,-0.01409460297004507
-0.1968288576300087,0.02281478039421765,-0.01409460297004507
-0.1963288576300087,0.02281478039421765,-0.01409460297004507
-0.1958288576300087,0.02281478039421765,-0.01409460297004507
-0.1953288576300087,0.02281478039421765,-0.01409460297004507
-0.1948288576300087,0.02281478039421765,-0.01409460297004507
-0.1943288576300087,0.02281478039421765,-0.01409460297004507
-0.1938288576300087,0.02281478039421765,-0.01409460297004507
-0.1933288576300087,0.02281478039421765,-0.01409460297004507
-0.1928288576300087,0.02281478039421765,-0.01409460297004507
-0.1923288576300087,0.02281478039421765,-0.01409460297004507
-0.1918288576300087,0.02281478039421765,-0.01409460297004507
-0.1913288576300087,0.02281478039421765,-0.01409460297004507
-0.1908288576300087,0.02281478039421765,-0.01409460297004507
-0.1903288576300087,0.02281478039421765,-0.01409460297004507
-0.1898288576300087,0.02281478039421765,-0.01409460297004507
-0.1893288576300087,0.02281478039421765,-0.01409460297004507
-0.1888288576300087,0.02281478039421765,-0.01409460297004507
-0.1883288576300087,0.02281478039421765,-0.01409460297004507
-0.1878288576300087,0.02281478039421765,-0.01376613455083048
-0.1873288576300087,0.02281478039421765,-0.01376613455083048
-0.1868288576300087,0.02281478039421765,-0.01409460297004507
-0.1863288576300087,0.02281478039421765,-0.01409460297004507
-0.1858288576300087,0.02281478039421765,-0.01376613455083048
-0.1853288576300087,0.02281478039421765,-0.01409460297004507
-0.1848288576300087,0.02281478039421765,-0.01409460297004507
-0.1843288576300087,0.02281478039421765,-0.01409460297004507
-0.1838288576300087,0.02281478039421765,-0.01409460297004507
-0.1833288576300087,0.02281478039421765,-0.01409460297004507
-0.1828288576300087,0.02281478039421765,-0.01409460297004507
-0.1823288576300087,0.02281478039421765,-0.01409460297004507
-0.1818288576300087,0.02281478039421765,-0.01409460297004507
-0.1813288576300087,0.01914367252093209,-0.01409460297004507
-0.1808288576300087,0.02281478039421765,-0.01409460297004507
-0.1803288576300087,0.02281478039421765,-0.01409460297004507
-0.1798288576300087,0.02281478039421765,-0.01409460297004507
-0.1793288576300087,0.02281478039421765,-0.01409460297004507
-0.1788288576300087,0.02281478039421765,-0.01409460297004507
-0.1783288576300087,0.02281478039421765,-0.01409460297004507
-0.1778288576300087,0.02281478039421765,-0.01409460297004507
-0.1773288576300087,0.02281478039421765,-0.01409460297004507
-0.1768288576300087,0.02281478039421765,-0.01409460297004507
-0.1763288576300087,0.02281478039421765,-0.01409460297004507
-0.1758288576300087,0.02281478039421765,-0.01376613455083048
-0.1753288576300087,0.02281478039421765,-0.01409460297004507
-0.1748288576300087,0.02281478039421765,-0.01409460297004507
-0.1743288576300087,0.02281478039421765,-0.01409460297004507
-0.1738288576300087,0.02281478039421765,-0.01409460297004507
-0.1733288576300087,0.02281478039421765,-0.01409460297004507
-0.1728288576300087,0.02281478039421765,-0.01376613455083048
-0.1723288576300087,0.02281478039421765,-0.01409460297004507
-0.1718288576300087,0.02281478039421765,-0.01409460297004507
-0.1713288576300087,0.02281478039421765,-0.01376613455083048
-0.1708288576300087,0.02281478039421765,-0.01409460297004507
-0.1703288576300087,0.02281478039421765,-0.01409460297004507
-0.1698288576300087,0.02281478039421765,-0.01376613455083048
-0.1693288576300087,0.02281478039421765,-0.01409460297004507
-0.1688288576300087,0.02281478039421765,-0.01409460297004507
-0.1683288576300087,0.02281478039421765,-0.01409460297004507
-0.1678288576300087,0.02281478039421765,-0.01409460297004507
-0.1673288576300087,0.02281478039421765,-0.01409460297004507
-0.1668288576300087,0.02281478039421765,-0.01376613455083048
-0.1663288576300087,0.02281478039421765,-0.01409460297004507
-0.1658288576300087,0.02281478039421765,-0.01376613455083048
-0.1653288576300087,0.02281478039421765,-0.01409460297004507
-0.1648288576300087,0.02281478039421765,-0.01409460297004507
-0.1643288576300087,0.02281478039421765,-0.01376613455083048
-0.1638288576300087,0.02281478039421765,-0.01409460297004507
-0.1633288576300087,0.01914367252093209,-0.01409460297004507
-0.1628288576300087,0.02281478039421765,-0.01409460297004507
-0.1623288576300087,0.02281478039421765,-0.01409460297004507
-0.1618288576300087,0.02281478039421765,-0.01409460297004507
-0.1613288576300087,0.02281478039421765,-0.01409460297004507
-0.1608288576300087,0.02281478039421765,-0.01409460297004507
-0.1603288576300087,0.02281478039421765,-0.01409460297004507
-0.1598288576300087,0.02281478039421765,-0.01409460297004507
-0.1593288576300087,0.02281478039421765,-0.01409460297004507
-0.1588288576300087,0.02281478039421765,-0.01409460297004507
-0.1583288576300087,0.02281478039421765,-0.01376613455083048
-0.1578288576300087,0.02281478039421765,-0.01409460297004507
-0.1573288576300087,0.01914367252093209,-0.01409460297004507
-0.1568288576300087,0.02281478039421765,-0.01409460297004507
-0.1563288576300087,0.02281478039421765,-0.01409460297004507
-0.1558288576300087,0.02281478039421765,-0.01409460297004507
-0.1553288576300087,0.02281478039421765,-0.01376613455083048
-0.1548288576300087,0.02281478039421765,-0.01409460297004507
-0.1543288576300087,0.02281478039421765,-0.01409460297004507
-0.1538288576300087,0.02281478039421765,-0.01409460297004507
-0.1533288576300087,0.02281478039421765,-0.01409460297004507
-0.1528288576300087,0.02281478039421765,-0.01409460297004507
-0.1523288576300087,0.02281478039421765,-0.01409460297004507
-0.1518288576300087,0.02281478039421765,-0.01409460297004507
-0.1513288576300087,0.02281478039421765,-0.01409460297004507
-0.1508288576300087,0.02281478039421765,-0.01409460297004507
-0.1503288576300087,0.02281478039421765,-0.01376613455083048
-0.1498288576300087,0.02281478039421765,-0.01409460297004507
-0.1493288576300087,0.02281478039421765,-0.01409460297004507
-0.1488288576300087,0.02281478039421765,-0.01376613455083048
-0.1483288576300087,0.02281478039421765,-0.01409460297004507
-0.1478288576300087,0.02281478039421765,-0.01409460297004507
-0.1473288576300087,0.02281478039421765,-0.01376613455083048
-0.1468288576300087,0.02281478039421765,-0.01409460297004507
-0.1463288576300087,0.02281478039421765,-0.01409460297004507
-0.1458288576300087,0.02281478039421765,-0.01409460297004507
-0.1453288576300087,0.02281478039421765,-0.01409460297004507
-0.1448288576300087,0.02281478039421765,-0.01409460297004507
-0.1443288576300087,0.02281478039421765,-0.01409460297004507
-0.1438288576300087,0.02281478039421765,-0.01409460297004507
-0.1433288576300087,0.02281478039421765,-0.01409460297004507
-0.1428288576300087,0.02281478039421765,-0.01409460297004507
-0.1423288576300087,0.02281478039421765,-0.01376613455083048
-0.1418288576300087,0.02281478039421765,-0.01409460297004507
-0.1413288576300087,0.02281478039421765,-0.01409460297004507
-0.1408288576300087,0.02281478039421765,-0.01409460297004507
-0.1403288576300087,0.02281478039421765,-0.01409460297004507
-0.1398288576300087,0.02281478039421765,-0.01409460297004507
-0.1393288576300087,0.02281478039421765,-0.01409460297004507
-0.1388288576300087,0.02281478039421765,-0.01409460297004507
-0.1383288576300087,0.02281478039421765,-0.01409460297004507
-0.1378288576300087,0.02281478039421765,-0.01409460297004507
-0.1373288576300087,0.02281478039421765,-0.01409460297004507
-0.1368288576300087,0.02281478039421765,-0.01409460297004507
-0.1363288576300087,0.02281478039421765,-0.01409460297004507
-0.1358288576300087,0.02281478039421765,-0.01409460297004507
-0.1353288576300087,0.02281478039421765,-0.01409460297004507
-0.1348288576300087,0.02281478039421765,-0.01409460297004507
-0.1343288576300087,0.02281478039421765,-0.01409460297004507
-0.1338288576300087,0.02281478039421765,-0.01409460297004507
-0.1333288576300087,0.02281478039421765,-0.01409460297004507
-0.1328288576300087,0.02281478039421765,-0.01409460297004507
-0.1323288576300087,0.02281478039421765,-0.01409460297004507
-0.1318288576300087,0.02281478039421765,-0.01409460297004507
-0.1313288576300087,0.02281478039421765,-0.01409460297004507
-0.1308288576300087,0.02281478039421765,-0.01409460297004507
-0.1303288576300087,0.02281478039421765,-0.01409460297004507
-0.1298288576300087,0.02281478039421765,-0.01409460297004507
-0.1293288576300087,0.02281478039421765,-0.01409460297004507
-0.1288288576300087,0.02281478039421765,-0.01409460297004507
-0.1283288576300087,0.02281478039421765,-0.01409460297004507
-0.1278288576300087,0.02281478039421765,-0.01376613455083048
-0.1273288576300087,0.02281478039421765,-0.01409460297004507
-0.1268288576300087,0.02281478039421765,-0.01409460297004507
-0.1263288576300087,0.02281478039421765,-0.01409460297004507
-0.1258288576300087,0.02281478039421765,-0.01409460297004507
-0.1253288576300087,0.02281478039421765,-0.01409460297004507
-0.1248288576300087,0.02281478039421765,-0.01409460297004507
-0.1243288576300087,0.02281478039421765,-0.01409460297004507
-0.1238288576300087,0.02281478039421765,-0.01409460297004507
-0.1233288576300087,0.02281478039421765,-0.01409460297004507
-0.1228288576300087,0.02281478039421765,-0.01409460297004507
-0.1223288576300087,0.02281478039421765,-0.01409460297004507
-0.1218288576300087,0.02281478039421765,-0.01409460297004507
-0.1213288576300087,0.02281478039421765,-0.01409460297004507
-0.1208288576300087,0.02281478039421765,-0.01409460297004507
-0.1203288576300087,0.02281478039421765,-0.01376613455083048
-0.1198288576300087,0.02281478039421765,-0.01409460297004507
-0.1193288576300087,0.02281478039421765,-0.01409460297004507
-0.1188288576300087,0.02281478039421765,-0.01409460297004507
-0.1183288576300087,0.02281478039421765,-0.01409460297004507
-0.1178288576300087,0.02281478039421765,-0.01409460297004507
-0.1173288576300087,0.02281478039421765,-0.01409460297004507
-0.1168288576300087,0.02281478039421765,-0.01409460297004507
-0.1163288576300087,0.02281478039421765,-0.01409460297004507
-0.1158288576300087,0.02281478039421765,-0.01376613455083048
-0.1153288576300087,0.02281478039421765,-0.01409460297004507
-0.1148288576300087,0.02281478039421765,-0.01409460297004507
-0.1143288576300087,0.02281478039421765,-0.01376613455083048
-0.1138288576300087,0.02281478039421765,-0.01409460297004507
-0.1133288576300087,0.02281478039421765,-0.01409460297004507
-0.1128288576300087,0.02281478039421765,-0.01376613455083048
-0.1123288576300087,0.02281478039421765,-0.01409460297004507
-0.1118288576300087,0.02281478039421765,-0.01409460297004507
-0.1113288576300087,0.02281478039421765,-0.01409460297004507
-0.1108288576300087,0.02281478039421765,-0.01409460297004507
-0.1103288576300087,0.02281478039421765,-0.01409460297004507
-0.1098288576300087,0.02281478039421765,-0.01376613455083048
-0.1093288576300087,0.02281478039421765,-0.01376613455083048
-0.1088288576300087,0.02281478039421765,-0.01409460297004507
-0.1083288576300087,0.02281478039421765,-0.01409460297004507
-0.1078288576300087,0.02281478039421765,-0.01409460297004507
-0.1073288576300087,0.02281478039421765,-0.01409460297004507
-0.1068288576300087,0.02281478039421765,-0.01409460297004507
-0.1063288576300087,0.02281478039421765,-0.01409460297004507
-0.1058288576300087,0.02281478039421765,-0.01409460297004507
-0.1053288576300087,0.02281478039421765,-0.01409460297004507
-0.1048288576300087,0.02281478039421765,-0.01409460297004507
-0.1043288576300087,0.02281478039421765,-0.01409460297004507
-0.1038288576300087,0.02281478039421765,-0.01409460297004507
-0.1033288576300087,0.01914367252093209,-0.01409460297004507
-0.1028288576300087,0.01914367252093209,-0.01409460297004507
-0.1023288576300087,0.01914367252093209,-0.01409460297004507
-0.1018288576300087,0.02281478039421765,-0.01409460297004507
-0.1013288576300087,0.02281478039421765,-0.01409460297004507
-0.1008288576300087,0.02281478039421765,-0.01409460297004507
-0.1003288576300087,0.02281478039421765,-0.01409460297004507
-0.09982885763000873,0.02281478039421765,-0.01409460297004507
-0.09932885763000873,0.02281478039421765,-0.01409460297004507
-0.09882885763000873,0.02281478039421765,-0.01409460297004507
-0.09832885763000873,0.02281478039421765,-0.01409460297004507
-0.09782885763000873,0.02281478039421765,-0.01409460297004507
-0.09732885763000873,0.02281478039421765,-0.01409460297004507
-0.09682885763000873,0.02281478039421765,-0.01409460297004507
-0.09632885763000873,0.02281478039421765,-0.01409460297004507
-0.09582885763000873,0.02281478039421765,-0.01409460297004507
-0.09532885763000873,0.02281478039421765,-0.01409460297004507
-0.09482885763000873,0.02281478039421765,-0.01409460297004507
-0.09432885763000873,0.02281478039421765,-0.01409460297004507
-0.09382885763000873,0.02281478039421765,-0.01409460297004507
-0.09332885763000873,0.02281478039421765,-0.01376613455083048
-0.09282885763000873,0.02281478039421765,-0.01409460297004507
-0.09232885763000873,0.02281478039421765,-0.01409460297004507
-0.09182885763000873,0.02281478039421765,-0.01409460297004507
-0.09132885763000873,0.02281478039421765,-0.01409460297004507
-0.09082885763000872,0.02281478039421765,-0.01409460297004507
-0.09032885763000872,0.02281478039421765,-0.01409460297004507
-0.08982885763000872,0.02281478039421765,-0.01409460297004507
-0.08932885763000872,0.02281478039421765,-0.01409460297004507
-0.08882885763000872,0.02281478039421765,-0.01409460297004507
-0.08832885763000872,0.02281478039421765,-0.01409460297004507
-0.08782885763000872,0.02281478039421765,-0.01409460297004507
-0.08732885763000872,0.02281478039421765,-0.01409460297004507
-0.08682885763000872,0.02281478039421765,-0.01409460297004507
-0.08632885763000872,0.02281478039421765,-0.01409460297004507
-0.08582885763000872,0.02281478039421765,-0.01409460297004507
-0.08532885763000873,0.02281478039421765,-0.01409460297004507
-0.08482885763000873,0.02281478039421765,-0.01409460297004507
-0.08432885763000873,0.02281478039421765,-0.01409460297004507
-0.08382885763000873,0.02281478039421765,-0.01409460297004507
-0.08332885763000873,0.02281478039421765,-0.01409460297004507
-0.08282885763000873,0.02281478039421765,-0.01376613455083048
-0.08232885763000873,0.02281478039421765,-0.01409460297004507
-0.08182885763000873,0.02281478039421765,-0.01409460297004507
-0.08132885763000873,0.02281478039421765,-0.01409460297004507
-0.08082885763000873,0.02281478039421765,-0.01409460297004507
-0.08032885763000873,0.02281478039421765,-0.01376613455083048
-0.07982885763000873,0.02281478039421765,-0.01409460297004507
-0.07932885763000873,0.02281478039421765,-0.01409460297004507
-0.07882885763000873,0.02281478039421765,-0.01376613455083048
-0.07832885763000873,0.02281478039421765,-0.01409460297004507
-0.07782885763000873,0.02281478039421765,-0.01376613455083048
-0.07732885763000873,0.02281478039421765,-0.01409460297004507
-0.07682885763000873,0.02281478039421765,-0.01409460297004507
-0.07632885763000873,0.02281478039421765,-0.01409460297004507
-0.07582885763000873,0.02281478039421765,-0.01409460297004507
-0.07532885763000872,0.02281478039421765,-0.01409460297004507
-0.07482885763000872,0.02281478039421765,-0.01376613455083048
-0.07432885763000872,0.02281478039421765,-0.01409460297004507
-0.07382885763000872,0.02281478039421765,-0.01409460297004507
-0.07332885763000872,0.02281478039421765,-0.01376613455083048
-0.07282885763000872,0.02281478039421765,-0.01409460297004507
-0.07232885763000872,0.02281478039421765,-0.01409460297004507
-0.07182885763000872,0.02281478039421765,-0.01376613455083048
-0.07132885763000872,0.02281478039421765,-0.01409460297004507
-0.07082885763000872,0.02281478039421765,-0.01409460297004507
-0.07032885763000872,0.02281478039421765,-0.01376613455083048
-0.06982885763000873,0.02281478039421765,-0.01409460297004507
-0.06932885763000873,0.02281478039421765,-0.01409460297004507
-0.06882885763000873,0.02281478039421765,-0.01409460297004507
-0.06832885763000873,0.02281478039421765,-0.01409460297004507
-0.06782885763000873,0.02281478039421765,-0.01409460297004507
-0.06732885763000873,0.02281478039421765,-0.01409460297004507
-0.06682885763000873,0.02281478039421765,-0.01409460297004507
-0.06632885763000873,0.02281478039421765,-0.01376613455083048
-0.06582885763000873,0.02281478039421765,-0.01409460297004507
-0.06532885763000873,0.02281478039421765,-0.01409460297004507
-0.06482885763000873,0.02281478039421765,-0.01409460297004507
-0.06432885763000873,0.02281478039421765,-0.01409460297004507
-0.06382885763000873,0.02281478039421765,-0.01409460297004507
-0.06332885763000873,0.02281478039421765,-0.01409460297004507
-0.06282885763000873,0.02281478039421765,-0.01409460297004507
-0.06232885763000873,0.02281478039421765,-0.01409460297004507
-0.06182885763000873,0.02281478039421765,-0.01409460297004507
-0.06132885763000873,0.02281478039421765,-0.01409460297004507
-0.06082885763000873,0.02281478039421765,-0.01409460297004507
-0.06032885763000873,0.02281478039421765,-0.01409460297004507
-0.05982885763000872,0.02281478039421765,-0.01409460297004507
-0.05932885763000872,0.02281478039421765,-0.01409460297004507
-0.05882885763000872,0.02281478039421765,-0.01409460297004507
-0.05832885763000873,0.02281478039421765,-0.01409460297004507
-0.05782885763000873,0.02281478039421765,-0.01409460297004507
-0.05732885763000873,0.02281478039421765,-0.01376613455083048
-0.05682885763000873,0.02281478039421765,-0.01409460297004507
-0.05632885763000873,0.02281478039421765,-0.01409460297004507
-0.05582885763000873,0.02281478039421765,-0.01376613455083048
-0.05532885763000873,0.02281478039421765,-0.01409460297004507
-0.05482885763000873,0.02281478039421765,-0.01409460297004507
-0.05432885763000873,0.02281478039421765,-0.01376613455083048
-0.05382885763000873,0.02281478039421765,-0.01409460297004507
-0.05332885763000873,0.02281478039421765,-0.01409460297004507
-0.05282885763000873,0.02281478039421765,-0.01409460297004507
-0.05232885763000873,0.02281478039421765,-0.01409460297004507
-0.05182885763000872,0.02281478039421765,-0.01409460297004507
-0.05132885763000872,0.02281478039421765,-0.01376613455083048
-0.05082885763000872,0.02281478039421765,-0.01409460297004507
-0.05032885763000873,0.02281478039421765,-0.01409460297004507
-0.04982885763000873,0.02281478039421765,-0.01409460297004507
-0.04932885763000873,0.02281478039421765,-0.01409460297004507
-0.04882885763000873,0.02281478039421765,-0.01409460297004507
-0.04832885763000873,0.02281478039421765,-0.01376613455083048
-0.04782885763000873,0.02281478039421765,-0.01409460297004507
-0.04732885763000873,0.02281478039421765,-0.01409460297004507
-0.04682885763000873,0.02281478039421765,-0.01409460297004507
-0.04632885763000873,0.02281478039421765,-0.01409460297004507
-0.04582885763000873,0.02281478039421765,-0.01409460297004507
-0.04532885763000873,0.02281478039421765,-0.01409460297004507
-0.04482885763000873,0.02281478039421765,-0.01409460297004507
-0.04432885763000873,0.02281478039421765,-0.01409460297004507
-0.04382885763000872,0.02281478039421765,-0.01376613455083048
-0.04332885763000872,0.02281478039421765,-0.01409460297004507
-0.04282885763000872,0.02281478039421765,-0.01409460297004507
-0.04232885763000873,0.02281478039421765,-0.01409460297004507
-0.04182885763000873,0.02281478039421765,-0.01409460297004507
-0.04132885763000873,0.02281478039421765,-0.01409460297004507
-0.04082885763000873,0.02281478039421765,-0.01409460297004507
-0.04032885763000873,0.02281478039421765,-0.01409460297004507
-0.03982885763000873,0.01914367252093209,-0.01409460297004507
-0.03932885763000873,0.02281478039421765,-0.01376613455083048
-0.03882885763000873,0.02281478039421765,-0.01409460297004507
-0.03832885763000873,0.02281478039421765,-0.01409460297004507
-0.03782885763000873,0.02281478039421765,-0.01376613455083048
-0.03732885763000873,0.02281478039421765,-0.01409460297004507
-0.03682885763000873,0.02281478039421765,-0.01409460297004507
-0.03632885763000872,0.02281478039421765,-0.01409460297004507
-0.03582885763000872,0.02281478039421765,-0.01409460297004507
-0.03532885763000872,0.02281478039421765,-0.01409460297004507
-0.03482885763000873,0.02281478039421765,-0.01409460297004507
-0.03432885763000873,0.02281478039421765,-0.01409460297004507
-0.03382885763000873,0.02281478039421765,-0.01409460297004507
-0.03332885763000873,0.02281478039421765,-0.01409460297004507
-0.03282885763000873,0.02281478039421765,-0.01409460297004507
-0.03232885763000873,0.02281478039421765,-0.01409460297004507
-0.03182885763000873,0.02281478039421765,-0.01376613455083048
-0.03132885763000873,0.02281478039421765,-0.01409460297004507
-0.03082885763000873,0.02281478039421765,-0.01409460297004507
-0.03032885763000873,0.02281478039421765,-0.01376613455083048
-0.02982885763000873,0.02281478039421765,-0.01409460297004507
-0.02932885763000873,0.02281478039421765,-0.01409460297004507
-0.02882885763000873,0.02281478039421765,-0.01409460297004507
-0.02832885763000873,0.02281478039421765,-0.01409460297004507
-0.02782885763000873,0.02281478039421765,-0.01409460297004507
-0.02732885763000873,0.02281478039421765,-0.01376613455083048
-0.02682885763000873,0.02281478039421765,-0.01409460297004507
-0.02632885763000873,0.02281478039421765,-0.01409460297004507
-0.02582885763000873,0.02281478039421765,-0.01376613455083048
-0.02532885763000873,0.02281478039421765,-0.01409460297004507
-0.02482885763000873,0.02281478039421765,-0.01409460297004507
-0.02432885763000873,0.02281478039421765,-0.01409460297004507
-0.02382885763000873,0.02281478039421765,-0.01409460297004507
-0.02332885763000873,0.02281478039421765,-0.01409460297004507
-0.02282885763000873,0.02281478039421765,-0.01376613455083048
-0.02232885763000873,0.02281478039421765,-0.01409460297004507
-0.02182885763000873,0.02281478039421765,-0.01409460297004507
-0.02132885763000873,0.02281478039421765,-0.01376613455083048
-0.02082885763000873,0.02281478039421765,-0.01409460297004507
-0.02032885763000873,0.02281478039421765,-0.01409460297004507
-0.01982885763000873,0.02281478039421765,-0.01376613455083048
-0.01932885763000873,0.02281478039421765,-0.01409460297004507
-0.01882885763000873,0.02281478039421765,-0.01409460297004507
-0.01832885763000873,0.02281478039421765,-0.01376613455083048
-0.01782885763000873,0.02281478039421765,-0.01409460297004507
-0.01732885763000873,0.02281478039421765,-0.01376613455083048
-0.01682885763000873,0.02281478039421765,-0.01376613455083048
-0.01632885763000873,0.02281478039421765,-0.01409460297004507
-0.01582885763000873,0.02281478039421765,-0.01409460297004507
-0.01532885763000873,0.02281478039421765,-0.01409460297004507
-0.01482885763000873,0.02281478039421765,-0.01376613455083048
-0.01432885763000873,0.02281478039421765,-0.01409460297004507
-0.01382885763000873,0.02281478039421765,-0.01409460297004507
-0.01332885763000873,0.02281478039421765,-0.01376613455083048
-0.01282885763000873,0.02281478039421765,-0.01409460297004507
-0.01232885763000873,0.02281478039421765,-0.01409460297004507
-0.01182885763000873,0.02281478039421765,-0.01409460297004507
-0.01132885763000873,0.02281478039421765,-0.01409460297004507
-0.01082885763000873,0.02281478039421765,-0.01409460297004507
-0.01032885763000873,0.02281478039421765,-0.01376613455083048
-0.009828857630008727,0.02281478039421765,-0.01409460297004507
-0.009328857630008727,0.02281478039421765,-0.01409460297004507
-0.008828857630008726,0.02281478039421765,-0.01409460297004507
-0.008328857630008728,0.02281478039421765,-0.01409460297004507
-0.007828857630008727,0.02281478039421765,-0.01409460297004507
-0.007328857630008727,0.02281478039421765,-0.01409460297004507
-0.006828857630008727,0.02281478039421765,-0.01409460297004507
-0.006328857630008727,0.02281478039421765,-0.01409460297004507
-0.005828857630008727,0.02281478039421765,-0.01409460297004507
-0.005328857630008727,0.02281478039421765,-0.01409460297004507
-0.004828857630008727,0.02281478039421765,-0.01376613455083048
-0.004328857630008727,0.02281478039421765,-0.01409460297004507
-0.003828857630008727,0.02281478039421765,-0.01376613455083048
-0.003328857630008727,0.02281478039421765,-0.01409460297004507
-0.002828857630008727,0.02281478039421765,-0.01409460297004507
-0.002328857630008727,0.02281478039421765,-0.01409460297004507
-0.001828857630008727,0.02281478039421765,-0.01409460297004507
-0.001328857630008727,0.02281478039421765,-0.01376613455083048
-0.0008288576300087272,0.02281478039421765,-0.01409460297004507
-0.0003288576300087272,0.02281478039421765,-0.01376613455083048
0.0001711423699912729,0.02281478039421765,1.527407688403996
0.0006711423699912729,0.02281478039421765,2.690514360842836
0.001171142369991273,0.02281478039421765,2.690514360842836
0.001671142369991273,0.02281478039421765,2.690514360842836
0.002171142369991273,0.02281478039421765,2.690514360842836
0.002671142369991273,0.02281478039421765,2.690514360842836
0.003171142369991273,0.02281478039421765,2.690514360842836
0.003671142369991273,0.02281478039421765,2.690514360842836
0.004171142369991273,0.02281478039421765,2.690514360842836
0.004671142369991273,0.02281478039421765,2.690514360842836
0.005171142369991273,0.02281478039421765,2.690514360842836
0.005671142369991273,0.02281478039421765,2.690514360842836
0.006171142369991273,0.02281478039421765,2.690514360842836
0.006671142369991273,0.02281478039421765,2.690514360842836
0.007171142369991273,0.02281478039421765,2.690514360842836
0.007671142369991273,0.02281478039421765,2.690514360842836
0.008171142369991273,0.02281478039421765,2.690514360842836
0.008671142369991273,0.02281478039421765,2.690514360842836
0.009171142369991272,0.02281478039421765,2.690514360842836
0.009671142369991273,0.02281478039421765,2.690514360842836
0.01017114236999127,0.02281478039421765,2.690514360842836
0.01067114236999127,0.02281478039421765,2.690514360842836
0.01117114236999127,0.02281478039421765,2.690514360842836
0.01167114236999127,0.01914367252093209,2.690514360842836
0.01217114236999127,0.02281478039421765,2.690514360842836
0.01267114236999127,0.02281478039421765,2.690514360842836
0.01317114236999127,0.02281478039421765,2.690514360842836
0.01367114236999127,0.02281478039421765,2.690514360842836
0.01417114236999127,0.02281478039421765,2.690514360842836
0.01467114236999127,0.02281478039421765,2.690514360842836
0.01517114236999127,0.02281478039421765,2.690514360842836
0.01567114236999127,0.02281478039421765,2.690514360842836
0.01617114236999127,0.02281478039421765,2.690514360842836
0.01667114236999127,0.02281478039421765,2.690514360842836
0.01717114236999127,0.02281478039421765,2.690514360842836
0.01767114236999127,0.02281478039421765,2.690514360842836
0.01817114236999127,0.02281478039421765,2.690514360842836
0.01867114236999127,0.02281478039421765,2.690514360842836
0.01917114236999127,0.02281478039421765,2.690514360842836
0.01967114236999127,0.02281478039421765,2.690514360842836
0.02017114236999127,0.02281478039421765,2.690514360842836
0.02067114236999127,0.02281478039421765,2.690514360842836
0.02117114236999127,0.02281478039421765,2.690514360842836
0.02167114236999127,0.02281478039421765,2.690514360842836
0.02217114236999127,0.02281478039421765,2.690514360842836
0.02267114236999127,0.02281478039421765,2.690514360842836
0.02317114236999127,0.02281478039421765,2.690514360842836
0.02367114236999127,0.02281478039421765,2.690514360842836
0.02417114236999127,0.02281478039421765,2.690514360842836
0.02467114236999127,0.02281478039421765,2.690514360842836
0.02517114236999127,0.02281478039421765,2.690514360842836
0.02567114236999127,0.02281478039421765,2.690514360842836
0.02617114236999127,0.02648588826750321,2.690514360842836
0.02667114236999127,0.02648588826750321,2.690514360842836
0.02717114236999127,0.02648588826750321,2.690514360842836
0.02767114236999127,0.02648588826750321,2.690514360842836
0.02817114236999127,0.03015699614078877,2.690514360842836
0.02867114236999127,0.03015699614078877,2.690514360842836
0.02917114236999127,0.03015699614078877,2.690514360842836
0.02967114236999127,0.03015699614078877,2.690514360842836
0.03017114236999127,0.03382810401407434,2.690514360842836
0.03067114236999127,0.03382810401407434,2.690514360842836
0.03117114236999127,0.03382810401407434,2.690514360842836
0.03167114236999127,0.03382810401407434,2.690514360842836
0.03217114236999127,0.03382810401407434,2.690514360842836
0.03267114236999127,0.03382810401407434,2.690514360842836
0.03317114236999127,0.03749921188735991,2.690514360842836
0.03367114236999127,0.03749921188735991,2.690514360842836
0.03417114236999128,0.03749921188735991,2.690514360842836
0.03467114236999128,0.03749921188735991,2.690514360842836
0.03517114236999128,0.04117031976064547,2.690514360842836
0.03567114236999127,0.04117031976064547,2.690514360842836
0.03617114236999127,0.04117031976064547,2.690514360842836
0.03667114236999127,0.04117031976064547,2.690514360842836
0.03717114236999127,0.04117031976064547,2.690514360842836
0.03767114236999127,0.04484142763393103,2.690514360842836
0.03817114236999127,0.04484142763393103,2.690514360842836
0.03867114236999127,0.04484142763393103,2.690514360842836
0.03917114236999127,0.0485125355072166,2.690514360842836
0.03967114236999127,0.0485125355072166,2.690514360842836
0.04017114236999127,0.0485125355072166,2.690514360842836
0.04067114236999127,0.0485125355072166,2.690514360842836
0.04117114236999127,0.0485125355072166,2.690514360842836
0.04167114236999128,0.05218364338050216,2.690514360842836
0.04217114236999128,0.05218364338050216,2.690514360842836
0.04267114236999128,0.05218364338050216,2.690514360842836
0.04317114236999127,0.05218364338050216,2.690514360842836
0.04367114236999127,0.05218364338050216,2.690514360842836
0.04417114236999127,0.05585475125378772,2.690514360842836
0.04467114236999127,0.05585475125378772,2.690514360842836
0.04517114236999127,0.05585475125378772,2.690514360842836
0.04567114236999127,0.05585475125378772,2.690514360842836
0.04617114236999127,0.05952585912707328,2.690514360842836
0.04667114236999127,0.05952585912707328,2.690514360842836
0.04717114236999127,0.05952585912707328,2.690514360842836
0.04767114236999127,0.05952585912707328,2.690514360842836
0.04817114236999127,0.05952585912707328,2.690514360842836
0.04867114236999127,0.06319696700035884,2.690514360842836
0.04917114236999127,0.06319696700035884,2.690514360842836
0.04967114236999128,0.06319696700035884,2.690514360842836
0.05017114236999128,0.06319696700035884,2.690514360842836
0.05067114236999128,0.06686807487364441,2.690514360842836
0.05117114236999127,0.06686807487364441,2.690514360842836
0.05167114236999127,0.06686807487364441,2.690514360842836
0.05217114236999127,0.06686807487364441,2.690514360842836
0.05267114236999127,0.06686807487364441,2.690514360842836
0.05317114236999127,0.07053918274692997,2.690514360842836
0.05367114236999127,0.07053918274692997,2.690514360842836
0.05417114236999127,0.07053918274692997,2.690514360842836
0.05467114236999127,0.07053918274692997,2.690514360842836
0.05517114236999127,0.07053918274692997,2.690514360842836
0.05567114236999127,0.07421029062021554,2.690514360842836
0.05617114236999127,0.07421029062021554,2.690514360842836
0.05667114236999127,0.07421029062021554,2.690514360842836
0.05717114236999127,0.07421029062021554,2.690514360842836
0.05767114236999128,0.07421029062021554,2.690514360842836
0.05817114236999128,0.07788139849350111,2.690514360842836
0.05867114236999128,0.07788139849350111,2.690514360842836
0.05917114236999127,0.07788139849350111,2.690514360842836
0.05967114236999127,0.07788139849350111,2.690514360842836
0.06017114236999127,0.07788139849350111,2.690514360842836
0.06067114236999127,0.08155250636678667,2.690514360842836
0.06117114236999127,0.08155250636678667,2.690514360842836
0.06167114236999127,0.08155250636678667,2.690514360842836
0.06217114236999127,0.08155250636678667,2.690514360842836
0.06267114236999127,0.08155250636678667,2.690514360842836
0.06317114236999127,0.08155250636678667,2.690514360842836
0.06367114236999127,0.08522361424007223,2.690514360842836
0.06417114236999127,0.08522361424007223,2.690514360842836
0.06467114236999127,0.08522361424007223,2.690514360842836
0.06517114236999128,0.08522361424007223,2.690514360842836
0.06567114236999128,0.08522361424007223,2.690514360842836
0.06617114236999128,0.08889472211335779,2.690514360842836
0.06667114236999128,0.08889472211335779,2.690514360842836
0.06717114236999128,0.08889472211335779,2.690514360842836
0.06767114236999128,0.08889472211335779,2.690514360842836
0.06817114236999128,0.08889472211335779,2.690514360842836
0.06867114236999128,0.09256582998664335,2.690514360842836
0.06917114236999128,0.09256582998664335,2.690514360842836
0.06967114236999128,0.09256582998664335,2.690514360842836
0.07017114236999128,0.09256582998664335,2.690514360842836
0.07067114236999127,0.09256582998664335,2.690514360842836
0.07117114236999127,0.09623693785992891,2.690514360842836
0.07167114236999127,0.09623693785992891,2.690514360842836
0.07217114236999127,0.09623693785992891,2.690514360842836
0.07267114236999127,0.09623693785992891,2.690514360842836
0.07317114236999127,0.09990804573321449,2.690514360842836
0.07367114236999127,0.09990804573321449,2.690514360842836
0.07417114236999127,0.09990804573321449,2.690514360842836
0.07467114236999127,0.09990804573321449,2.690514360842836
0.07517114236999127,0.1035791536065001,2.690514360842836
0.07567114236999127,0.1035791536065001,2.690514360842836
0.07617114236999127,0.1035791536065001,2.690514360842836
0.07667114236999127,0.1035791536065001,2.690514360842836
0.07717114236999127,0.1035791536065001,2.690514360842836
0.07767114236999127,0.1072502614797856,2.690514360842836
0.07817114236999127,0.1072502614797856,2.690514360842836
0.07867114236999127,0.1072502614797856,2.690514360842836
0.07917114236999127,0.1072502614797856,2.690514360842836
0.07967114236999127,0.1072502614797856,2.690514360842836
0.08017114236999127,0.1109213693530712,2.690514360842836
0.08067114236999127,0.1109213693530712,2.690514360842836
0.08117114236999128,0.1109213693530712,2.690514360842836
0.08167114236999128,0.1109213693530712,2.690514360842836
0.08217114236999128,0.1109213693530712,2.690514360842836
0.08267114236999128,0.1145924772263567,2.690514360842836
0.08317114236999128,0.1145924772263567,2.690514360842836
0.08367114236999128,0.1145924772263567,2.690514360842836
0.08417114236999128,0.1182635850996423,2.690514360842836
0.08467114236999128,0.1145924772263567,2.690514360842836
0.08517114236999128,0.1182635850996423,2.690514360842836
0.08567114236999128,0.1182635850996423,2.690514360842836
0.08617114236999127,0.1182635850996423,2.690514360842836
0.08667114236999127,0.1182635850996423,2.690514360842836
0.08717114236999127,0.1219346929729279,2.690514360842836
0.08767114236999127,0.1219346929729279,2.690514360842836
0.08817114236999127,0.1219346929729279,2.690514360842836
0.08867114236999127,0.1219346929729279,2.690514360842836
0.08917114236999127,0.1256058008462134,2.690514360842836
0.08967114236999127,0.1256058008462134,2.690514360842836
0.09017114236999127,0.1256058008462134,2.690514360842836
0.09067114236999127,0.1256058008462134,2.690514360842836
0.09117114236999127,0.129276908719499,2.690514360842836
0.09167114236999127,0.129276908719499,2.690514360842836
0.09217114236999127,0.129276908719499,2.690514360842836
0.09267114236999127,0.129276908719499,2.690514360842836
0.09317114236999127,0.1329480165927845,2.690514360842836
0.09367114236999127,0.1329480165927845,2.690514360842836
0.09417114236999127,0.1329480165927845,2.690514360842836
0.09467114236999127,0.1329480165927845,2.690514360842836
0.09517114236999127,0.1329480165927845,2.690514360842836
0.09567114236999127,0.1329480165927845,2.690514360842836
0.09617114236999127,0.1366191244660701,2.690514360842836
0.09667114236999128,0.1366191244660701,2.690514360842836
0.09717114236999128,0.1366191244660701,2.690514360842836
0.09767114236999128,0.1366191244660701,2.690514360842836
0.09817114236999128,0.1402902323393557,2.690514360842836
0.09867114236999128,0.1402902323393557,2.690514360842836
0.09917114236999128,0.1402902323393557,2.690514360842836
0.09967114236999128,0.1402902323393557,2.690514360842836
0.1001711423699913,0.1439613402126412,2.690514360842836
0.1006711423699913,0.1439613402126412,2.690514360842836
0.1011711423699913,0.1439613402126412,2.690514360842836
0.1016711423699913,0.1439613402126412,2.690514360842836
0.1021711423699913,0.1439613402126412,2.690514360842836
0.1026711423699913,0.1476324480859268,2.690514360842836
0.1031711423699913,0.1476324480859268,2.690514360842836
0.1036711423699913,0.1476324480859268,2.690514360842836
0.1041711423699913,0.1476324480859268,2.690514360842836
0.1046711423699913,0.1513035559592124,2.690514360842836
0.1051711423699913,0.1513035559592124,2.690514360842836
0.1056711423699913,0.1513035559592124,2.690514360842836
0.1061711423699913,0.1549746638324979,2.690514360842836
0.1066711423699913,0.1549746638324979,2.690514360842836
0.1071711423699913,0.1549746638324979,2.690514360842836
0.1076711423699913,0.1549746638324979,2.690514360842836
0.1081711423699913,0.1549746638324979,2.690514360842836
0.1086711423699913,0.1586457717057835,2.690514360842836
0.1091711423699913,0.1586457717057835,2.690514360842836
0.1096711423699913,0.1586457717057835,2.690514360842836
0.1101711423699913,0.1586457717057835,2.690514360842836
0.1106711423699913,0.1623168795790691,2.690514360842836
0.1111711423699913,0.1623168795790691,2.690514360842836
0.1116711423699913,0.1623168795790691,2.690514360842836
0.1121711423699913,0.1623168795790691,2.690514360842836
0.1126711423699913,0.1623168795790691,2.690514360842836
0.1131711423699913,0.1659879874523546,2.690514360842836
0.1136711423699913,0.1659879874523546,2.690514360842836
0.1141711423699913,0.1659879874523546,2.690514360842836
0.1146711423699913,0.1659879874523546,2.690514360842836
0.1151711423699913,0.1659879874523546,2.690514360842836
0.1156711423699913,0.1696590953256402,2.690514360842836
0.1161711423699913,0.1696590953256402,2.690514360842836
0.1166711423699913,0.1696590953256402,2.690514360842836
0.1171711423699913,0.1696590953256402,2.690514360842836
0.1176711423699913,0.1696590953256402,2.690514360842836
0.1181711423699913,0.1733302031989258,2.690514360842836
0.1186711423699913,0.1733302031989258,2.690514360842836
0.1191711423699913,0.1733302031989258,2.690514360842836
0.1196711423699913,0.1733302031989258,2.690514360842836
0.1201711423699913,0.1770013110722113,2.690514360842836
0.1206711423699913,0.1770013110722113,2.690514360842836
0.1211711423699913,0.1770013110722113,2.690514360842836
0.1216711423699913,0.1770013110722113,2.690514360842836
0.1221711423699913,0.1806724189454969,2.690514360842836
0.1226711423699913,0.1806724189454969,2.690514360842836
0.1231711423699913,0.1806724189454969,2.690514360842836
0.1236711423699913,0.1806724189454969,2.690514360842836
0.1241711423699913,0.1843435268187824,2.690514360842836
0.1246711423699913,0.1843435268187824,2.690514360842836
0.1251711423699913,0.1843435268187824,2.690514360842836
0.1256711423699913,0.1843435268187824,2.690514360842836
0.1261711423699913,0.1843435268187824,2.690514360842836
0.1266711423699913,0.188014634692068,2.690514360842836
0.1271711423699913,0.188014634692068,2.690514360842836
0.1276711423699913,0.188014634692068,2.690514360842836
0.1281711423699913,0.188014634692068,2.690514360842836
0.1286711423699913,0.188014634692068,2.690514360842836
0.1291711423699913,0.1916857425653536,2.690514360842836
0.1296711423699913,0.1916857425653536,2.690514360842836
0.1301711423699913,0.1916857425653536,2.690514360842836
0.1306711423699913,0.1916857425653536,2.690514360842836
0.1311711423699913,0.1953568504386391,2.690514360842836
0.1316711423699913,0.1953568504386391,2.690514360842836
0.1321711423699913,0.1953568504386391,2.690514360842836
0.1326711423699913,0.1953568504386391,2.690514360842836
0.1331711423699913,0.1990279583119247,2.690514360842836
0.1336711423699913,0.1990279583119247,2.690514360842836
0.1341711423699913,0.1990279583119247,2.690514360842836
0.1346711423699913,0.1990279583119247,2.690514360842836
0.1351711423699913,0.1990279583119247,2.690514360842836
0.1356711423699913,0.2026990661852103,2.690514360842836
0.1361711423699913,0.2026990661852103,2.690514360842836
0.1366711423699913,0.2026990661852103,2.690514360842836
0.1371711423699913,0.2026990661852103,2.690514360842836
0.1376711423699913,0.2063701740584958,2.690514360842836
0.1381711423699913,0.2063701740584958,2.690514360842836
0.1386711423699913,0.2063701740584958,2.690514360842836
0.1391711423699913,0.2063701740584958,2.690514360842836
0.1396711423699913,0.2100412819317814,2.690514360842836
0.1401711423699913,0.2100412819317814,2.690514360842836
0.1406711423699913,0.2100412819317814,2.690514360842836
0.1411711423699913,0.2100412819317814,2.690514360842836
0.1416711423699913,0.2100412819317814,2.690514360842836
0.1421711423699913,0.213712389805067,2.690514360842836
0.1426711423699913,0.213712389805067,2.690514360842836
0.1431711423699913,0.213712389805067,2.690514360842836
0.1436711423699913,0.213712389805067,2.690514360842836
0.1441711423699913,0.2173834976783525,2.690514360842836
0.1446711423699913,0.2173834976783525,2.690514360842836
0.1451711423699913,0.2173834976783525,2.690514360842836
0.1456711423699913,0.2173834976783525,2.690514360842836
0.1461711423699913,0.2173834976783525,2.690514360842836
0.1466711423699913,0.2210546055516381,2.690514360842836
0.1471711423699913,0.2210546055516381,2.690514360842836
0.1476711423699913,0.2210546055516381,2.690514360842836
0.1481711423699913,0.2247257134249236,2.690514360842836
0.1486711423699913,0.2247257134249236,2.690514360842836
0.1491711423699913,0.2247257134249236,2.690514360842836
0.1496711423699913,0.2247257134249236,2.690514360842836
0.1501711423699913,0.2247257134249236,2.690514360842836
0.1506711423699913,0.2247257134249236,2.690514360842836
0.1511711423699913,0.2283968212982092,2.690514360842836
0.1516711423699913,0.2283968212982092,2.690514360842836
0.1521711423699913,0.2283968212982092,2.690514360842836
0.1526711423699913,0.2283968212982092,2.690514360842836
0.1531711423699913,0.2320679291714948,2.690514360842836
0.1536711423699913,0.2320679291714948,2.690514360842836
0.1541711423699913,0.2320679291714948,2.690514360842836
0.1546711423699913,0.2320679291714948,2.690514360842836
0.1551711423699913,0.2357390370447803,2.690514360842836
0.1556711423699913,0.2357390370447803,2.690514360842836
0.1561711423699913,0.2357390370447803,2.690514360842836
0.1566711423699913,0.2357390370447803,2.690514360842836
0.1571711423699913,0.2394101449180659,2.690514360842836
0.1576711423699913,0.2394101449180659,2.690514360842836
0.1581711423699913,0.2394101449180659,2.690514360842836
0.1586711423699913,0.2394101449180659,2.690514360842836
0.1591711423699913,0.2430812527913515,2.690514360842836
0.1596711423699913,0.2430812527913515,2.690514360842836
0.1601711423699913,0.2430812527913515,2.690514360842836
0.1606711423699913,0.2430812527913515,2.690514360842836
0.1611711423699913,0.2430812527913515,2.690514360842836
0.1616711423699913,0.246752360664637,2.690514360842836
0.1621711423699913,0.246752360664637,2.690514360842836
0.1626711423699913,0.246752360664637,2.690514360842836
0.1631711423699913,0.246752360664637,2.690514360842836
0.1636711423699913,0.246752360664637,2.690514360842836
0.1641711423699913,0.2504234685379226,2.690514360842836
0.1646711423699913,0.2504234685379226,2.690514360842836
0.1651711423699913,0.2504234685379226,2.690514360842836
0.1656711423699913,0.2504234685379226,2.690514360842836
0.1661711423699913,0.2540945764112081,2.690514360842836
0.1666711423699913,0.2540945764112081,2.690514360842836
0.1671711423699913,0.2540945764112081,2.690514360842836
0.1676711423699913,0.2540945764112081,2.690514360842836
0.1681711423699913,0.2577656842844937,2.690514360842836
0.1686711423699913,0.2577656842844937,2.690514360842836
0.1691711423699913,0.2577656842844937,2.690514360842836
0.1696711423699913,0.2577656842844937,2.690514360842836
0.1701711423699913,0.2577656842844937,2.690514360842836
0.1706711423699913,0.2614367921577793,2.690514360842836
0.1711711423699913,0.2614367921577793,2.690514360842836
0.1716711423699913,0.2614367921577793,2.690514360842836
0.1721711423699913,0.2651079000310648,2.690514360842836
0.1726711423699913,0.2651079000310648,2.690514360842836
0.1731711423699913,0.2651079000310648,2.690514360842836
0.1736711423699913,0.2651079000310648,2.690514360842836
0.1741711423699913,0.2651079000310648,2.690514360842836
0.1746711423699913,0.2687790079043504,2.690514360842836
0.1751711423699913,0.2687790079043504,2.690514360842836
0.1756711423699913,0.2687790079043504,2.690514360842836
0.1761711423699913,0.2687790079043504,2.690514360842836
0.1766711423699913,0.2724501157776359,2.690514360842836
0.1771711423699913,0.2724501157776359,2.690514360842836
0.1776711423699913,0.2724501157776359,2.690514360842836
0.1781711423699913,0.2724501157776359,2.690514360842836
0.1786711423699913,0.2724501157776359,2.690514360842836
0.1791711423699913,0.2761212236509215,2.690514360842836
0.1796711423699913,0.2761212236509215,2.690514360842836
0.1801711423699913,0.2761212236509215,2.690514360842836
0.1806711423699913,0.2761212236509215,2.690514360842836
0.1811711423699913,0.2797923315242071,2.690514360842836
0.1816711423699913,0.2797923315242071,2.690514360842836
0.1821711423699913,0.2797923315242071,2.690514360842836
0.1826711423699913,0.2797923315242071,2.690514360842836
0.1831711423699913,0.2834634393974926,2.690514360842836
0.1836711423699913,0.2834634393974926,2.690514360842836
0.1841711423699913,0.2834634393974926,2.690514360842836
0.1846711423699913,0.2834634393974926,2.690514360842836
0.1851711423699913,0.2871345472707782,2.690514360842836
0.1856711423699913,0.2871345472707782,2.690514360842836
0.1861711423699913,0.2871345472707782,2.690514360842836
0.1866711423699913,0.2871345472707782,2.690514360842836
0.1871711423699913,0.2908056551440638,2.690514360842836
0.1876711423699913,0.2908056551440638,2.690514360842836
0.1881711423699913,0.2908056551440638,2.690514360842836
0.1886711423699913,0.2908056551440638,2.690514360842836
0.1891711423699913,0.2908056551440638,2.690514360842836
0.1896711423699913,0.2908056551440638,2.690514360842836
0.1901711423699913,0.2944767630173494,2.690514360842836
0.1906711423699913,0.2944767630173494,2.690514360842836
0.1911711423699913,0.2944767630173494,2.690514360842836
0.1916711423699913,0.2944767630173494,2.690514360842836
0.1921711423699913,0.2944767630173494,2.690514360842836
0.1926711423699913,0.2981478708906349,2.690514360842836
0.1931711423699913,0.2981478708906349,2.690514360842836
0.1936711423699913,0.2981478708906349,2.690514360842836
0.1941711423699913,0.2981478708906349,2.690514360842836
0.1946711423699913,0.3018189787639205,2.690514360842836
0.1951711423699913,0.3018189787639205,2.690514360842836
0.1956711423699913,0.3018189787639205,2.690514360842836
0.1961711423699913,0.3018189787639205,2.690514360842836
0.1966711423699913,0.3018189787639205,2.690514360842836
0.1971711423699913,0.3054900866372061,2.690514360842836
0.1976711423699913,0.3054900866372061,2.690514360842836
0.1981711423699913,0.3054900866372061,2.690514360842836
0.1986711423699913,0.3054900866372061,2.690514360842836
0.1991711423699913,0.3091611945104916,2.690514360842836
0.1996711423699913,0.3091611945104916,2.690514360842836
0.2001711423699913,0.3091611945104916,2.690514360842836
0.2006711423699913,0.3091611945104916,2.690514360842836
0.2011711423699913,0.3091611945104916,2.690514360842836
0.2016711423699913,0.3128323023837772,2.690514360842836
0.2021711423699913,0.3128323023837772,2.690514360842836
0.2026711423699913,0.3128323023837772,2.690514360842836
0.2031711423699913,0.3128323023837772,2.690514360842836
0.2036711423699913,0.3128323023837772,2.690514360842836
0.2041711423699913,0.3165034102570627,2.690514360842836
0.2046711423699913,0.3165034102570627,2.690514360842836
0.2051711423699913,0.3165034102570627,2.690514360842836
0.2056711423699913,0.3165034102570627,2.690514360842836
0.2061711423699913,0.3201745181303483,2.690514360842836
0.2066711423699913,0.3201745181303483,2.690514360842836
0.2071711423699913,0.3201745181303483,2.690514360842836
0.2076711423699913,0.3201745181303483,2.690514360842836
0.2081711423699913,0.3201745181303483,2.690514360842836
0.2086711423699913,0.3238456260036339,2.690514360842836
0.2091711423699913,0.3238456260036339,2.690514360842836
0.2096711423699913,0.3238456260036339,2.690514360842836
0.2101711423699913,0.3238456260036339,2.690514360842836
0.2106711423699913,0.3238456260036339,2.690514360842836
0.2111711423699913,0.3275167338769194,2.690514360842836
0.2116711423699913,0.3275167338769194,2.690514360842836
0.2121711423699913,0.3275167338769194,2.690514360842836
0.2126711423699913,0.3275167338769194,2.690514360842836
0.2131711423699913,0.3275167338769194,2.690514360842836
0.2136711423699913,0.331187841750205,2.690514360842836
0.2141711423699913,0.331187841750205,2.690514360842836
0.2146711423699913,0.331187841750205,2.690514360842836
0.2151711423699913,0.331187841750205,2.690514360842836
0.2156711423699913,0.331187841750205,2.690514360842836
0.2161711423699913,0.3348589496234906,2.690514360842836
0.2166711423699913,0.3348589496234906,2.690514360842836
0.2171711423699913,0.3348589496234906,2.690514360842836
0.2176711423699913,0.3348589496234906,2.690514360842836
0.2181711423699913,0.3348589496234906,2.690514360842836
0.2186711423699913,0.3348589496234906,2.690514360842836
0.2191711423699913,0.3385300574967761,2.690514360842836
0.2196711423699913,0.3385300574967761,2.690514360842836
0.2201711423699913,0.3385300574967761,2.690514360842836
0.2206711423699913,0.3385300574967761,2.690514360842836
0.2211711423699913,0.3422011653700617,2.690514360842836
0.2216711423699913,0.3422011653700617,2.690514360842836
0.2221711423699913,0.3422011653700617,2.690514360842836
0.2226711423699913,0.3422011653700617,2.690514360842836
0.2231711423699913,0.3422011653700617,2.690514360842836
0.2236711423699913,0.3458722732433472,2.690514360842836
0.2241711423699913,0.3458722732433472,2.690514360842836
0.2246711423699913,0.3458722732433472,2.690514360842836
0.2251711423699913,0.3458722732433472,2.690514360842836
0.2256711423699913,0.3495433811166328,2.690514360842836
0.2261711423699913,0.3495433811166328,2.690514360842836
0.2266711423699913,0.3495433811166328,2.690514360842836
0.2271711423699913,0.3495433811166328,2.690514360842836
0.2276711423699913,0.3495433811166328,2.690514360842836
0.2281711423699913,0.3532144889899184,2.690514360842836
0.2286711423699913,0.3532144889899184,2.690514360842836
0.2291711423699913,0.3532144889899184,2.690514360842836
0.2296711423699913,0.3532144889899184,2.690514360842836
0.2301711423699913,0.3532144889899184,2.690514360842836
0.2306711423699913,0.3568855968632039,2.690514360842836
0.2311711423699913,0.3568855968632039,2.690514360842836
0.2316711423699913,0.3568855968632039,2.690514360842836
0.2321711423699913,0.3568855968632039,2.690514360842836
0.2326711423699913,0.3568855968632039,2.690514360842836
0.2331711423699913,0.3605567047364895,2.690514360842836
0.2336711423699913,0.3605567047364895,2.690514360842836
0.2341711423699913,0.3605567047364895,2.690514360842836
0.2346711423699913,0.364227812609775,2.690514360842836
0.2351711423699913,0.364227812609775,2.690514360842836
0.2356711423699913,0.364227812609775,2.690514360842836
0.2361711423699913,0.364227812609775,2.690514360842836
0.2366711423699913,0.364227812609775,2.690514360842836
0.2371711423699913,0.3678989204830606,2.690514360842836
0.2376711423699913,0.3678989204830606,2.690514360842836
0.2381711423699913,0.3678989204830606,2.690514360842836
0.2386711423699913,0.3678989204830606,2.690514360842836
0.2391711423699913,0.3678989204830606,2.690514360842836
0.2396711423699913,0.3715700283563462,2.690514360842836
0.2401711423699913,0.3715700283563462,2.690514360842836
0.2406711423699913,0.3715700283563462,2.690514360842836
0.2411711423699913,0.3715700283563462,2.690514360842836
0.2416711423699913,0.3752411362296317,2.690514360842836
0.2421711423699913,0.3752411362296317,2.690514360842836
0.2426711423699913,0.3752411362296317,2.690514360842836
0.2431711423699913,0.3752411362296317,2.690514360842836
0.2436711423699913,0.3752411362296317,2.690514360842836
0.2441711423699913,0.3789122441029173,2.690514360842836
0.2446711423699913,0.3789122441029173,2.690514360842836
0.2451711423699913,0.3789122441029173,2.690514360842836
0.2456711423699913,0.3789122441029173,2.690514360842836
0.2461711423699913,0.3825833519762029,2.690514360842836
0.2466711423699913,0.3825833519762029,2.690514360842836
0.2471711423699913,0.3825833519762029,2.690514360842836
0.2476711423699913,0.3825833519762029,2.690514360842836
0.2481711423699913,0.3862544598494884,2.690514360842836
0.2486711423699913,0.3862544598494884,2.690514360842836
0.2491711423699913,0.3862544598494884,2.690514360842836
0.2496711423699913,0.3862544598494884,2.690514360842836
0.2501711423699913,0.389925567722774,2.690514360842836
0.2506711423699913,0.389925567722774,2.690514360842836
0.2511711423699913,0.389925567722774,2.690514360842836
0.2516711423699913,0.389925567722774,2.690514360842836
0.2521711423699913,0.389925567722774,2.690514360842836
0.2526711423699913,0.389925567722774,2.690514360842836
0.2531711423699913,0.3935966755960595,2.690514360842836
0.2536711423699913,0.3935966755960595,2.690514360842836
0.2541711423699913,0.3935966755960595,2.690514360842836
0.2546711423699913,0.3935966755960595,2.690514360842836
0.2551711423699913,0.3972677834693451,2.690514360842836
0.2556711423699913,0.3972677834693451,2.690514360842836
0.2561711423699913,0.3972677834693451,2.690514360842836
0.2566711423699913,0.3972677834693451,2.690514360842836
0.2571711423699913,0.4009388913426307,2.690514360842836
0.2576711423699913,0.4009388913426307,2.690514360842836
0.2581711423699913,0.4009388913426307,2.690514360842836
0.2586711423699913,0.4046099992159162,2.690514360842836
0.2591711423699913,0.4046099992159162,2.690514360842836
0.2596711423699913,0.4046099992159162,2.690514360842836
0.2601711423699913,0.4046099992159162,2.690514360842836
0.2606711423699913,0.4046099992159162,2.690514360842836
0.2611711423699913,0.4082811070892018,2.690514360842836
0.2616711423699913,0.4082811070892018,2.690514360842836
0.2621711423699913,0.4082811070892018,2.690514360842836
0.2626711423699913,0.4082811070892018,2.690514360842836
0.2631711423699913,0.4082811070892018,2.690514360842836
0.2636711423699913,0.4119522149624874,2.690514360842836
0.2641711423699913,0.4119522149624874,2.690514360842836
0.2646711423699913,0.4119522149624874,2.690514360842836
0.2651711423699913,0.4119522149624874,2.690514360842836
0.2656711423699913,0.415623322835773,2.690514360842836
0.2661711423699913,0.415623322835773,2.690514360842836
0.2666711423699913,0.415623322835773,2.690514360842836
0.2671711423699913,0.415623322835773,2.690514360842836
0.2676711423699913,0.415623322835773,2.690514360842836
0.2681711423699913,0.4192944307090585,2.690514360842836
0.2686711423699913,0.4192944307090585,2.690514360842836
0.2691711423699913,0.4192944307090585,2.690514360842836
0.2696711423699913,0.4192944307090585,2.690514360842836
0.2701711423699913,0.4229655385823441,2.690514360842836
0.2706711423699913,0.4229655385823441,2.690514360842836
0.2711711423699913,0.4229655385823441,2.690514360842836
0.2716711423699913,0.4229655385823441,2.690514360842836
0.2721711423699913,0.4229655385823441,2.690514360842836
0.2726711423699913,0.4266366464556297,2.690514360842836
0.2731711423699913,0.4266366464556297,2.690514360842836
0.2736711423699913,0.4266366464556297,2.690514360842836
0.2741711423699913,0.4266366464556297,2.690514360842836
0.2746711423699913,0.4266366464556297,2.690514360842836
0.2751711423699913,0.4303077543289152,2.690514360842836
0.2756711423699913,0.4303077543289152,2.690514360842836
0.2761711423699913,0.4303077543289152,2.690514360842836
0.2766711423699913,0.4303077543289152,2.690514360842836
0.2771711423699913,0.4303077543289152,2.690514360842836
0.2776711423699913,0.4339788622022008,2.690514360842836
0.2781711423699913,0.4339788622022008,2.690514360842836
0.2786711423699913,0.4339788622022008,2.690514360842836
0.2791711423699913,0.4339788622022008,2.690514360842836
0.2796711423699913,0.4339788622022008,2.690514360842836
0.2801711423699913,0.4376499700754863,2.690514360842836
0.2806711423699913,0.4376499700754863,2.690514360842836
0.2811711423699913,0.4376499700754863,2.690514360842836
0.2816711423699912,0.4413210779487719,2.690514360842836
0.2821711423699912,0.4413210779487719,2.690514360842836
0.2826711423699912,0.4413210779487719,2.690514360842836
0.2831711423699912,0.4413210779487719,2.690514360842836
0.2836711423699912,0.4413210779487719,2.690514360842836
0.2841711423699912,0.4449921858220575,2.690514360842836
0.2846711423699912,0.4449921858220575,2.690514360842836
0.2851711423699912,0.4449921858220575,2.690514360842836
0.2856711423699912,0.4449921858220575,2.690514360842836
0.2861711423699912,0.448663293695343,2.690514360842836
0.2866711423699912,0.448663293695343,2.690514360842836
0.2871711423699913,0.448663293695343,2.690514360842836
0.2876711423699913,0.448663293695343,2.690514360842836
0.2881711423699913,0.448663293695343,2.690514360842836
0.2886711423699913,0.4523344015686286,2.690514360842836
0.2891711423699913,0.4523344015686286,2.690514360842836
0.2896711423699913,0.4523344015686286,2.690514360842836
0.2901711423699913,0.4523344015686286,2.690514360842836
0.2906711423699913,0.4560055094419141,2.690514360842836
0.2911711423699913,0.4560055094419141,2.690514360842836
0.2916711423699913,0.4560055094419141,2.690514360842836
0.2921711423699913,0.4560055094419141,2.690514360842836
0.2926711423699913,0.4560055094419141,2.690514360842836
0.2931711423699913,0.4596766173151997,2.690514360842836
0.2936711423699913,0.4596766173151997,2.690514360842836
0.2941711423699913,0.4596766173151997,2.690514360842836
0.2946711423699913,0.4596766173151997,2.690514360842836
0.2951711423699913,0.4596766173151997,2.690514360842836
0.2956711423699913,0.4633477251884853,2.690514360842836
0.2961711423699913,0.4633477251884853,2.690514360842836
0.2966711423699913,0.4633477251884853,2.690514360842836
0.2971711423699913,0.4633477251884853,2.690514360842836
0.2976711423699913,0.4670188330617708,2.690514360842836
0.2981711423699913,0.4670188330617708,2.690514360842836
0.2986711423699913,0.4670188330617708,2.690514360842836
0.2991711423699913,0.4670188330617708,2.690514360842836
0.2996711423699913,0.4706899409350564,2.690514360842836
0.3001711423699913,0.4706899409350564,2.690514360842836
0.3006711423699913,0.4706899409350564,2.690514360842836
0.3011711423699913,0.4706899409350564,2.690514360842836
0.3016711423699913,0.4706899409350564,2.690514360842836
0.3021711423699913,0.474361048808342,2.690514360842836
0.3026711423699913,0.474361048808342,2.690514360842836
0.3031711423699913,0.474361048808342,2.690514360842836
0.3036711423699913,0.474361048808342,2.690514360842836
0.3041711423699913,0.4780321566816275,2.690514360842836
0.3046711423699913,0.474361048808342,2.690514360842836
0.3051711423699913,0.4780321566816275,2.690514360842836
0.3056711423699913,0.4780321566816275,2.690514360842836
0.3061711423699913,0.4780321566816275,2.690514360842836
0.3066711423699913,0.4817032645549131,2.690514360842836
0.3071711423699913,0.4817032645549131,2.690514360842836
0.3076711423699913,0.4817032645549131,2.690514360842836
0.3081711423699913,0.4817032645549131,2.690514360842836
0.3086711423699913,0.4817032645549131,2.690514360842836
0.3091711423699913,0.4817032645549131,2.690514360842836
0.3096711423699913,0.4853743724281986,2.690514360842836
0.3101711423699913,0.4853743724281986,2.690514360842836
0.3106711423699913,0.4853743724281986,2.690514360842836
0.3111711423699913,0.4890454803014842,2.690514360842836
0.3116711423699913,0.4890454803014842,2.690514360842836
0.3121711423699913,0.4890454803014842,2.690514360842836
0.3126711423699913,0.4890454803014842,2.690514360842836
0.3131711423699913,0.4927165881747698,2.690514360842836
0.3136711423699913,0.4927165881747698,2.690514360842836
0.3141711423699913,0.4927165881747698,2.690514360842836
0.3146711423699913,0.4927165881747698,2.690514360842836
0.3151711423699913,0.4927165881747698,2.690514360842836
0.3156711423699913,0.4927165881747698,2.690514360842836
0.3161711423699913,0.4963876960480553,2.690514360842836
0.3166711423699913,0.4963876960480553,2.690514360842836
0.3171711423699913,0.4963876960480553,2.690514360842836
0.3176711423699913,0.4963876960480553,2.690514360842836
0.3181711423699913,0.5000588039213409,2.690514360842836
0.3186711423699913,0.5000588039213409,2.690514360842836
0.3191711423699913,0.5000588039213409,2.690514360842836
0.3196711423699913,0.5000588039213409,2.690514360842836
0.3201711423699913,0.5037299117946265,2.690514360842836
0.3206711423699913,0.5037299117946265,2.690514360842836
0.3211711423699913,0.5037299117946265,2.690514360842836
0.3216711423699913,0.5037299117946265,2.690514360842836
0.3221711423699913,0.5074010196679121,2.690514360842836
0.3226711423699913,0.5074010196679121,2.690514360842836
0.3231711423699913,0.5074010196679121,2.690514360842836
0.3236711423699913,0.5074010196679121,2.690514360842836
0.3241711423699913,0.5110721275411976,2.690514360842836
0.3246711423699913,0.5110721275411976,2.690514360842836
0.3251711423699913,0.5110721275411976,2.690514360842836
0.3256711423699913,0.5110721275411976,2.690514360842836
0.3261711423699913,0.5147432354144832,2.690514360842836
0.3266711423699913,0.5147432354144832,2.690514360842836
0.3271711423699913,0.5147432354144832,2.690514360842836
0.3276711423699913,0.5147432354144832,2.690514360842836
0.3281711423699913,0.5147432354144832,2.690514360842836
0.3286711423699913,0.5184143432877687,2.690514360842836
0.3291711423699913,0.5184143432877687,2.690514360842836
0.3296711423699913,0.5184143432877687,2.690514360842836
0.3301711423699913,0.5184143432877687,2.690514360842836
0.3306711423699913,0.5220854511610543,2.690514360842836
0.3311711423699913,0.5220854511610543,2.690514360842836
0.3316711423699913,0.5220854511610543,2.690514360842836
0.3321711423699913,0.5220854511610543,2.690514360842836
0.3326711423699913,0.5220854511610543,2.690514360842836
0.3331711423699913,0.5257565590343398,2.690514360842836
0.3336711423699913,0.5257565590343398,2.690514360842836
0.3341711423699913,0.5257565590343398,2.690514360842836
0.3346711423699913,0.5257565590343398,2.690514360842836
0.3351711423699913,0.5294276669076254,2.690514360842836
0.3356711423699913,0.5294276669076254,2.690514360842836
0.3361711423699913,0.5294276669076254,2.690514360842836
0.3366711423699913,0.5294276669076254,2.690514360842836
0.3371711423699913,0.5330987747809109,2.690514360842836
0.3376711423699913,0.5330987747809109,2.690514360842836
0.3381711423699913,0.5330987747809109,2.690514360842836
0.3386711423699913,0.5330987747809109,2.690514360842836
0.3391711423699913,0.5330987747809109,2.690514360842836
0.3396711423699913,0.5330987747809109,2.690514360842836
0.3401711423699913,0.5367698826541966,2.690514360842836
0.3406711423699913,0.5367698826541966,2.690514360842836
0.3411711423699913,0.5367698826541966,2.690514360842836
0.3416711423699913,0.5367698826541966,2.690514360842836
0.3421711423699913,0.5404409905274821,2.690514360842836
0.3426711423699913,0.5404409905274821,2.690514360842836
0.3431711423699913,0.5404409905274821,2.690514360842836
0.3436711423699913,0.5404409905274821,2.690514360842836
0.3441711423699912,0.5404409905274821,2.690514360842836
0.3446711423699912,0.5441120984007677,2.690514360842836
0.3451711423699912,0.5441120984007677,2.690514360842836
0.3456711423699912,0.5441120984007677,2.690514360842836
0.3461711423699912,0.5441120984007677,2.690514360842836
0.3466711423699912,0.5441120984007677,2.690514360842836
0.3471711423699912,0.5477832062740532,2.690514360842836
0.3476711423699912,0.5477832062740532,2.690514360842836
0.3481711423699912,0.5477832062740532,2.690514360842836
0.3486711423699912,0.5477832062740532,2.690514360842836
0.3491711423699912,0.5477832062740532,2.690514360842836
0.3496711423699913,0.5477832062740532,2.690514360842836
0.3501711423699913,0.5514543141473388,2.690514360842836
0.3506711423699913,0.5514543141473388,2.690514360842836
0.3511711423699913,0.5514543141473388,2.690514360842836
0.3516711423699913,0.5514543141473388,2.690514360842836
0.3521711423699913,0.5514543141473388,2.690514360842836
0.3526711423699913,0.5551254220206243,2.690514360842836
0.3531711423699913,0.5551254220206243,2.690514360842836
0.3536711423699913,0.5551254220206243,2.690514360842836
0.3541711423699913,0.5551254220206243,2.690514360842836
0.3546711423699913,0.5551254220206243,2.690514360842836
0.3551711423699913,0.5587965298939099,2.690514360842836
0.3556711423699913,0.5587965298939099,2.690514360842836
0.3561711423699913,0.5587965298939099,2.690514360842836
0.3566711423699913,0.5587965298939099,2.690514360842836
0.3571711423699913,0.5624676377671954,2.690514360842836
0.3576711423699913,0.5624676377671954,2.690514360842836
0.3581711423699913,0.5624676377671954,2.690514360842836
0.3586711423699913,0.5624676377671954,2.690514360842836
0.3591711423699913,0.5624676377671954,2.690514360842836
0.3596711423699913,0.5661387456404811,2.690514360842836
0.3601711423699913,0.5661387456404811,2.690514360842836
0.3606711423699913,0.5661387456404811,2.690514360842836
0.3611711423699913,0.5661387456404811,2.690514360842836
0.3616711423699913,0.5661387456404811,2.690514360842836
0.3621711423699913,0.5698098535137666,2.690514360842836
0.3626711423699913,0.5698098535137666,2.690514360842836
0.3631711423699913,0.5698098535137666,2.690514360842836
0.3636711423699913,0.5698098535137666,2.690514360842836
0.3641711423699913,0.5734809613870522,2.690514360842836
0.3646711423699913,0.5734809613870522,2.690514360842836
0.3651711423699913,0.5734809613870522,2.690514360842836
0.3656711423699913,0.5734809613870522,2.690514360842836
0.3661711423699913,0.5771520692603377,2.690514360842836
0.3666711423699913,0.5771520692603377,2.690514360842836
0.3671711423699913,0.5771520692603377,2.690514360842836
0.3676711423699913,0.5771520692603377,2.690514360842836
0.3681711423699913,0.5771520692603377,2.690514360842836
0.3686711423699913,0.5808231771336233,2.690514360842836
0.3691711423699913,0.5808231771336233,2.690514360842836
0.3696711423699913,0.5808231771336233,2.690514360842836
0.3701711423699913,0.5808231771336233,2.690514360842836
0.3706711423699913,0.5808231771336233,2.690514360842836
0.3711711423699913,0.5844942850069088,2.690514360842836
0.3716711423699913,0.5844942850069088,2.690514360842836
0.3721711423699913,0.5844942850069088,2.690514360842836
0.3726711423699913,0.5844942850069088,2.690514360842836
0.3731711423699913,0.5881653928801944,2.690514360842836
0.3736711423699913,0.5881653928801944,2.690514360842836
0.3741711423699913,0.5881653928801944,2.690514360842836
0.3746711423699913,0.5881653928801944,2.690514360842836
0.3751711423699913,0.5881653928801944,2.690514360842836
0.3756711423699913,0.59183650075348,2.690514360842836
0.3761711423699913,0.59183650075348,2.690514360842836
0.3766711423699913,0.59183650075348,2.690514360842836
0.3771711423699913,0.59183650075348,2.690514360842836
0.3776711423699913,0.59183650075348,2.690514360842836
0.3781711423699913,0.5955076086267655,2.690514360842836
0.3786711423699913,0.5955076086267655,2.690514360842836
0.3791711423699913,0.5955076086267655,2.690514360842836
0.3796711423699913,0.5955076086267655,2.690514360842836
0.3801711423699913,0.5955076086267655,2.690514360842836
0.3806711423699913,0.5991787165000512,2.690514360842836
0.3811711423699913,0.5991787165000512,2.690514360842836
0.3816711423699913,0.5991787165000512,2.690514360842836
0.3821711423699913,0.5991787165000512,2.690514360842836
0.3826711423699913,0.6028498243733367,2.690514360842836
0.3831711423699913,0.6028498243733367,2.690514360842836
0.3836711423699913,0.6028498243733367,2.690514360842836
0.3841711423699913,0.6028498243733367,2.690514360842836
0.3846711423699913,0.6065209322466223,2.690514360842836
0.3851711423699913,0.6065209322466223,2.690514360842836
0.3856711423699913,0.6065209322466223,2.690514360842836
0.3861711423699913,0.6065209322466223,2.690514360842836
0.3866711423699913,0.6101920401199078,2.690514360842836
0.3871711423699913,0.6101920401199078,2.690514360842836
0.3876711423699913,0.6101920401199078,2.690514360842836
0.3881711423699913,0.6101920401199078,2.690514360842836
0.3886711423699913,0.6101920401199078,2.690514360842836
0.3891711423699913,0.6138631479931934,2.690514360842836
0.3896711423699913,0.6138631479931934,2.690514360842836
0.3901711423699913,0.6138631479931934,2.690514360842836
0.3906711423699913,0.6175342558664789,2.690514360842836
0.3911711423699913,0.6175342558664789,2.690514360842836
0.3916711423699913,0.6175342558664789,2.690514360842836
0.3921711423699913,0.6175342558664789,2.690514360842836
0.3926711423699913,0.6175342558664789,2.690514360842836
0.3931711423699913,0.6212053637397645,2.690514360842836
0.3936711423699913,0.6212053637397645,2.690514360842836
0.3941711423699913,0.6212053637397645,2.690514360842836
0.3946711423699913,0.6212053637397645,2.690514360842836
0.3951711423699913,0.62487647161305,2.690514360842836
0.3956711423699913,0.62487647161305,2.690514360842836
0.3961711423699913,0.62487647161305,2.690514360842836
0.3966711423699913,0.62487647161305,2.690514360842836
0.3971711423699913,0.62487647161305,2.690514360842836
0.3976711423699913,0.62487647161305,2.690514360842836
0.3981711423699913,0.6285475794863357,2.690514360842836
0.3986711423699913,0.6285475794863357,2.690514360842836
0.3991711423699913,0.6285475794863357,2.690514360842836
0.3996711423699913,0.6322186873596212,2.690514360842836
0.4001711423699913,0.6322186873596212,2.690514360842836
0.4006711423699913,0.6322186873596212,2.690514360842836
0.4011711423699913,0.6358897952329068,2.690514360842836
0.4016711423699913,0.6358897952329068,2.690514360842836
0.4021711423699913,0.6358897952329068,2.690514360842836
0.4026711423699913,0.6358897952329068,2.690514360842836
0.4031711423699913,0.6358897952329068,2.690514360842836
0.4036711423699913,0.6358897952329068,2.690514360842836
0.4041711423699913,0.6395609031061923,2.690514360842836
0.4046711423699913,0.6395609031061923,2.690514360842836
0.4051711423699913,0.6395609031061923,2.690514360842836
0.4056711423699913,0.6395609031061923,2.690514360842836
0.4061711423699913,0.6432320109794779,2.690514360842836
0.4066711423699912,0.6432320109794779,2.690514360842836
0.4071711423699912,0.6432320109794779,2.690514360842836
0.4076711423699912,0.6432320109794779,2.690514360842836
0.4081711423699912,0.6432320109794779,2.690514360842836
0.4086711423699912,0.6432320109794779,2.690514360842836
0.4091711423699912,0.6469031188527634,2.690514360842836
0.4096711423699912,0.6469031188527634,2.690514360842836
0.4101711423699912,0.6469031188527634,2.690514360842836
0.4106711423699912,0.650574226726049,2.690514360842836
0.4111711423699912,0.650574226726049,2.690514360842836
0.4116711423699912,0.650574226726049,2.690514360842836
0.4121711423699913,0.650574226726049,2.690514360842836
0.4126711423699913,0.6542453345993345,2.690514360842836
0.4131711423699913,0.6542453345993345,2.690514360842836
0.4136711423699913,0.6542453345993345,2.690514360842836
0.4141711423699913,0.6542453345993345,2.690514360842836
0.4146711423699913,0.6542453345993345,2.690514360842836
0.4151711423699913,0.6579164424726202,2.690514360842836
0.4156711423699913,0.6579164424726202,2.690514360842836
0.4161711423699913,0.6579164424726202,2.690514360842836
0.4166711423699913,0.6579164424726202,2.690514360842836
0.4171711423699913,0.6579164424726202,2.690514360842836
0.4176711423699913,0.6615875503459057,2.690514360842836
0.4181711423699913,0.6615875503459057,2.690514360842836
0.4186711423699913,0.6615875503459057,2.690514360842836
0.4191711423699913,0.6615875503459057,2.690514360842836
0.4196711423699913,0.6615875503459057,2.690514360842836
0.4201711423699913,0.6652586582191913,2.690514360842836
0.4206711423699913,0.6652586582191913,2.690514360842836
0.4211711423699913,0.6652586582191913,2.690514360842836
0.4216711423699913,0.6652586582191913,2.690514360842836
0.4221711423699913,0.6689297660924768,2.690514360842836
0.4226711423699913,0.6689297660924768,2.690514360842836
0.4231711423699913,0.6689297660924768,2.690514360842836
0.4236711423699913,0.6689297660924768,2.690514360842836
0.4241711423699913,0.6726008739657624,2.690514360842836
0.4246711423699913,0.6726008739657624,2.690514360842836
0.4251711423699913,0.6726008739657624,2.690514360842836
0.4256711423699913,0.6726008739657624,2.690514360842836
0.4261711423699913,0.6726008739657624,2.690514360842836
0.4266711423699913,0.6726008739657624,2.690514360842836
0.4271711423699913,0.6762719818390479,2.690514360842836
0.4276711423699913,0.6762719818390479,2.690514360842836
0.4281711423699913,0.6762719818390479,2.690514360842836
0.4286711423699913,0.6762719818390479,2.690514360842836
0.4291711423699913,0.6799430897123335,2.690514360842836
0.4296711423699913,0.6799430897123335,2.690514360842836
0.4301711423699913,0.6799430897123335,2.690514360842836
0.4306711423699913,0.683614197585619,2.690514360842836
0.4311711423699913,0.683614197585619,2.690514360842836
0.4316711423699913,0.683614197585619,2.690514360842836
0.4321711423699913,0.683614197585619,2.690514360842836
0.4326711423699913,0.6872853054589046,2.690514360842836
0.4331711423699913,0.6872853054589046,2.690514360842836
0.4336711423699913,0.6872853054589046,2.690514360842836
0.4341711423699913,0.6872853054589046,2.690514360842836
0.4346711423699913,0.6872853054589046,2.690514360842836
0.4351711423699913,0.6909564133321902,2.690514360842836
0.4356711423699913,0.6909564133321902,2.690514360842836
0.4361711423699913,0.6909564133321902,2.690514360842836
0.4366711423699913,0.6909564133321902,2.690514360842836
0.4371711423699913,0.6946275212054758,2.690514360842836
0.4376711423699913,0.6946275212054758,2.690514360842836
0.4381711423699913,0.6946275212054758,2.690514360842836
0.4386711423699913,0.6946275212054758,2.690514360842836
0.4391711423699913,0.6946275212054758,2.690514360842836
0.4396711423699913,0.6982986290787613,2.690514360842836
0.4401711423699913,0.6982986290787613,2.690514360842836
0.4406711423699913,0.6982986290787613,2.690514360842836
0.4411711423699913,0.6982986290787613,2.690514360842836
0.4416711423699913,0.7019697369520469,2.690514360842836
0.4421711423699913,0.7019697369520469,2.690514360842836
0.4426711423699913,0.7019697369520469,2.690514360842836
0.4431711423699913,0.7019697369520469,2.690514360842836
0.4436711423699913,0.7019697369520469,2.690514360842836
0.4441711423699913,0.7056408448253325,2.690514360842836
0.4446711423699913,0.7056408448253325,2.690514360842836
0.4451711423699913,0.7056408448253325,2.690514360842836
0.4456711423699913,0.7056408448253325,2.690514360842836
0.4461711423699913,0.709311952698618,2.690514360842836
0.4466711423699913,0.709311952698618,2.690514360842836
0.4471711423699913,0.709311952698618,2.690514360842836
0.4476711423699913,0.709311952698618,2.690514360842836
0.4481711423699913,0.709311952698618,2.690514360842836
0.4486711423699913,0.7129830605719036,2.690514360842836
0.4491711423699913,0.7129830605719036,2.690514360842836
0.4496711423699913,0.7129830605719036,2.690514360842836
0.4501711423699913,0.7129830605719036,2.690514360842836
0.4506711423699913,0.7166541684451891,2.690514360842836
0.4511711423699913,0.7166541684451891,2.690514360842836
0.4516711423699913,0.7166541684451891,2.690514360842836
0.4521711423699913,0.7166541684451891,2.690514360842836
0.4526711423699913,0.7203252763184748,2.690514360842836
0.4531711423699913,0.7203252763184748,2.690514360842836
0.4536711423699913,0.7203252763184748,2.690514360842836
0.4541711423699913,0.7203252763184748,2.690514360842836
0.4546711423699913,0.7203252763184748,2.690514360842836
0.4551711423699913,0.7203252763184748,2.690514360842836
0.4556711423699913,0.7239963841917603,2.690514360842836
0.4561711423699913,0.7239963841917603,2.690514360842836
0.4566711423699913,0.7239963841917603,2.690514360842836
0.4571711423699913,0.7239963841917603,2.690514360842836
0.4576711423699913,0.7276674920650459,2.690514360842836
0.4581711423699913,0.7276674920650459,2.690514360842836
0.4586711423699913,0.7276674920650459,2.690514360842836
0.4591711423699913,0.7276674920650459,2.690514360842836
0.4596711423699913,0.7313385999383314,2.690514360842836
0.4601711423699913,0.7313385999383314,2.690514360842836
0.4606711423699913,0.7313385999383314,2.690514360842836
0.4611711423699913,0.7313385999383314,2.690514360842836
0.4616711423699913,0.7313385999383314,2.690514360842836
0.4621711423699913,0.735009707811617,2.690514360842836
0.4626711423699913,0.735009707811617,2.690514360842836
0.4631711423699913,0.735009707811617,2.690514360842836
0.4636711423699913,0.735009707811617,2.690514360842836
0.4641711423699913,0.7386808156849025,2.690514360842836
0.4646711423699913,0.7386808156849025,2.690514360842836
0.4651711423699913,0.7386808156849025,2.690514360842836
0.4656711423699913,0.7386808156849025,2.690514360842836
0.4661711423699913,0.7423519235581881,2.690514360842836
0.4666711423699913,0.7423519235581881,2.690514360842836
0.4671711423699913,0.7423519235581881,2.690514360842836
0.4676711423699913,0.7423519235581881,2.690514360842836
0.4681711423699913,0.7423519235581881,2.690514360842836
0.4686711423699913,0.7460230314314736,2.690514360842836
0.4691711423699912,0.7460230314314736,2.690514360842836
0.4696711423699912,0.7460230314314736,2.690514360842836
0.4701711423699912,0.7460230314314736,2.690514360842836
0.4706711423699912,0.7496941393047593,2.690514360842836
0.4711711423699912,0.7496941393047593,2.690514360842836
0.4716711423699912,0.7496941393047593,2.690514360842836
0.4721711423699912,0.7496941393047593,2.690514360842836
0.4726711423699912,0.7496941393047593,2.690514360842836
0.4731711423699912,0.7533652471780448,2.690514360842836
0.4736711423699912,0.7533652471780448,2.690514360842836
0.4741711423699912,0.7533652471780448,2.690514360842836
0.4746711423699913,0.7533652471780448,2.690514360842836
0.4751711423699913,0.7570363550513304,2.690514360842836
0.4756711423699913,0.7570363550513304,2.690514360842836
0.4761711423699913,0.7570363550513304,2.690514360842836
0.4766711423699913,0.7570363550513304,2.690514360842836
0.4771711423699913,0.7607074629246159,2.690514360842836
0.4776711423699913,0.7607074629246159,2.690514360842836
0.4781711423699913,0.7607074629246159,2.690514360842836
0.4786711423699913,0.7607074629246159,2.690514360842836
0.4791711423699913,0.7607074629246159,2.690514360842836
0.4796711423699913,0.7643785707979015,2.690514360842836
0.4801711423699913,0.7643785707979015,2.690514360842836
0.4806711423699913,0.7643785707979015,2.690514360842836
0.4811711423699913,0.768049678671187,2.690514360842836
0.4816711423699913,0.7643785707979015,2.690514360842836
0.4821711423699913,0.768049678671187,2.690514360842836
0.4826711423699913,0.768049678671187,2.690514360842836
0.4831711423699913,0.768049678671187,2.690514360842836
0.4836711423699913,0.768049678671187,2.690514360842836
0.4841711423699913,0.768049678671187,2.690514360842836
0.4846711423699913,0.7717207865444726,2.690514360842836
0.4851711423699913,0.7717207865444726,2.690514360842836
0.4856711423699913,0.7717207865444726,2.690514360842836
0.4861711423699913,0.7717207865444726,2.690514360842836
0.4866711423699913,0.7753918944177581,2.690514360842836
0.4871711423699913,0.7753918944177581,2.690514360842836
0.4876711423699913,0.7753918944177581,2.690514360842836
0.4881711423699913,0.7753918944177581,2.690514360842836
0.4886711423699913,0.7753918944177581,2.690514360842836
0.4891711423699913,0.7790630022910437,2.690514360842836
0.4896711423699913,0.7790630022910437,2.690514360842836
0.4901711423699913,0.7790630022910437,2.690514360842836
0.4906711423699913,0.7790630022910437,2.690514360842836
0.4911711423699913,0.7790630022910437,2.690514360842836
0.4916711423699913,0.7827341101643293,2.690514360842836
0.4921711423699913,0.7827341101643293,2.690514360842836
0.4926711423699913,0.7827341101643293,2.690514360842836
0.4931711423699913,0.7827341101643293,2.690514360842836
0.4936711423699913,0.7827341101643293,2.690514360842836
0.4941711423699913,0.7864052180376149,2.690514360842836
0.4946711423699913,0.7864052180376149,2.690514360842836
0.4951711423699913,0.7864052180376149,2.690514360842836
0.4956711423699913,0.7864052180376149,2.690514360842836
0.4961711423699913,0.7864052180376149,2.690514360842836
0.4966711423699913,0.7900763259109004,2.690514360842836
0.4971711423699913,0.7900763259109004,2.690514360842836
0.4976711423699913,0.7900763259109004,2.690514360842836
0.4981711423699913,0.7900763259109004,2.690514360842836
0.4986711423699913,0.7900763259109004,2.690514360842836
0.4991711423699913,0.793747433784186,2.690514360842836
0.4996711423699913,0.793747433784186,2.690514360842836
0.5001711423699913,0.793747433784186,2.690514360842836
0.5006711423699912,0.793747433784186,2.690514360842836
0.5011711423699913,0.7974185416574715,2.690514360842836
0.5016711423699912,0.7974185416574715,2.690514360842836
0.5021711423699913,0.7974185416574715,2.690514360842836
0.5026711423699912,0.7974185416574715,2.690514360842836
0.5031711423699913,0.7974185416574715,2.690514360842836
0.5036711423699912,0.7974185416574715,2.690514360842836
0.5041711423699913,0.8010896495307571,2.690514360842836
0.5046711423699912,0.8010896495307571,2.690514360842836
0.5051711423699913,0.8010896495307571,2.690514360842836
0.5056711423699912,0.8010896495307571,2.690514360842836
0.5061711423699913,0.8047607574040426,2.690514360842836
0.5066711423699912,0.8047607574040426,2.690514360842836
0.5071711423699913,0.8047607574040426,2.690514360842836
0.5076711423699912,0.8047607574040426,2.690514360842836
0.5081711423699913,0.8047607574040426,2.690514360842836
0.5086711423699912,0.8084318652773282,2.690514360842836
0.5091711423699913,0.8084318652773282,2.690514360842836
0.5096711423699912,0.8084318652773282,2.690514360842836
0.5101711423699913,0.8084318652773282,2.690514360842836
0.5106711423699912,0.8084318652773282,2.690514360842836
0.5111711423699913,0.8121029731506137,2.690514360842836
0.5116711423699912,0.8121029731506137,2.690514360842836
0.5121711423699913,0.8121029731506137,2.690514360842836
0.5126711423699912,0.8121029731506137,2.690514360842836
0.5131711423699913,0.8121029731506137,2.690514360842836
0.5136711423699912,0.8157740810238994,2.690514360842836
0.5141711423699913,0.8157740810238994,2.690514360842836
0.5146711423699912,0.8157740810238994,2.690514360842836
0.5151711423699913,0.8157740810238994,2.690514360842836
0.5156711423699912,0.819445188897185,2.690514360842836
0.5161711423699913,0.819445188897185,2.690514360842836
0.5166711423699912,0.819445188897185,2.690514360842836
0.5171711423699913,0.819445188897185,2.690514360842836
0.5176711423699912,0.8231162967704705,2.690514360842836
0.5181711423699913,0.8231162967704705,2.690514360842836
0.5186711423699912,0.8231162967704705,2.690514360842836
0.5191711423699913,0.8231162967704705,2.690514360842836
0.5196711423699912,0.8231162967704705,2.690514360842836
0.5201711423699913,0.8267874046437561,2.690514360842836
0.5206711423699912,0.8267874046437561,2.690514360842836
0.5211711423699913,0.8267874046437561,2.690514360842836
0.5216711423699912,0.8267874046437561,2.690514360842836
0.5221711423699913,0.8267874046437561,2.690514360842836
0.5226711423699912,0.8304585125170416,2.690514360842836
0.5231711423699913,0.8304585125170416,2.690514360842836
0.5236711423699912,0.8304585125170416,2.690514360842836
0.5241711423699913,0.8304585125170416,2.690514360842836
0.5246711423699912,0.8341296203903272,2.690514360842836
0.5251711423699913,0.8341296203903272,2.690514360842836
0.5256711423699912,0.8341296203903272,2.690514360842836
0.5261711423699913,0.8341296203903272,2.690514360842836
0.5266711423699912,0.8341296203903272,2.690514360842836
0.5271711423699913,0.8378007282636127,2.690514360842836
0.5276711423699912,0.8378007282636127,2.690514360842836
0.5281711423699913,0.8378007282636127,2.690514360842836
0.5286711423699912,0.8378007282636127,2.690514360842836
0.5291711423699913,0.8378007282636127,2.690514360842836
0.5296711423699912,0.8414718361368984,2.690514360842836
0.5301711423699913,0.8414718361368984,2.690514360842836
0.5306711423699912,0.8414718361368984,2.690514360842836
0.5311711423699913,0.8414718361368984,2.690514360842836
0.5316711423699912,0.8451429440101839,2.690514360842836
0.5321711423699913,0.8451429440101839,2.690514360842836
0.5326711423699912,0.8451429440101839,2.690514360842836
0.5331711423699913,0.8451429440101839,2.690514360842836
0.5336711423699912,0.8488140518834695,2.690514360842836
0.5341711423699913,0.8488140518834695,2.690514360842836
0.5346711423699912,0.8488140518834695,2.690514360842836
0.5351711423699913,0.8488140518834695,2.690514360842836
0.5356711423699912,0.8488140518834695,2.690514360842836
0.5361711423699913,0.8488140518834695,2.690514360842836
0.5366711423699912,0.852485159756755,2.690514360842836
0.5371711423699913,0.852485159756755,2.690514360842836
0.5376711423699913,0.852485159756755,2.690514360842836
0.5381711423699913,0.8561562676300406,2.690514360842836
0.5386711423699913,0.8561562676300406,2.690514360842836
0.5391711423699913,0.8561562676300406,2.690514360842836
0.5396711423699913,0.8561562676300406,2.690514360842836
0.5401711423699913,0.8561562676300406,2.690514360842836
0.5406711423699913,0.8598273755033261,2.690514360842836
0.5411711423699913,0.8598273755033261,2.690514360842836
0.5416711423699913,0.8598273755033261,2.690514360842836
0.5421711423699913,0.8598273755033261,2.690514360842836
0.5426711423699913,0.8634984833766117,2.690514360842836
0.5431711423699913,0.8634984833766117,2.690514360842836
0.5436711423699913,0.8634984833766117,2.690514360842836
0.5441711423699913,0.8671695912498972,2.690514360842836
0.5446711423699913,0.8671695912498972,2.690514360842836
0.5451711423699913,0.8671695912498972,2.690514360842836
0.5456711423699913,0.8671695912498972,2.690514360842836
0.5461711423699913,0.8708406991231828,2.690514360842836
0.5466711423699913,0.8708406991231828,2.690514360842836
0.5471711423699913,0.8708406991231828,2.690514360842836
0.5476711423699913,0.8708406991231828,2.690514360842836
0.5481711423699913,0.8708406991231828,2.690514360842836
0.5486711423699913,0.8745118069964684,2.690514360842836
0.5491711423699913,0.8745118069964684,2.690514360842836
0.5496711423699913,0.8745118069964684,2.690514360842836
0.5501711423699913,0.8745118069964684,2.690514360842836
0.5506711423699913,0.8745118069964684,2.690514360842836
0.5511711423699913,0.878182914869754,2.690514360842836
0.5516711423699913,0.878182914869754,2.690514360842836
0.5521711423699913,0.878182914869754,2.690514360842836
0.5526711423699913,0.878182914869754,2.690514360842836
0.5531711423699913,0.878182914869754,2.690514360842836
0.5536711423699913,0.8818540227430395,2.690514360842836
0.5541711423699913,0.8818540227430395,2.690514360842836
0.5546711423699913,0.8818540227430395,2.690514360842836
0.5551711423699913,0.8818540227430395,2.690514360842836
0.5556711423699913,0.8818540227430395,2.690514360842836
0.5561711423699913,0.8855251306163251,2.690514360842836
0.5566711423699913,0.8855251306163251,2.690514360842836
0.5571711423699913,0.8855251306163251,2.690514360842836
0.5576711423699913,0.8855251306163251,2.690514360842836
0.5581711423699913,0.8855251306163251,2.690514360842836
0.5586711423699913,0.8891962384896106,2.690514360842836
0.5591711423699913,0.8891962384896106,2.690514360842836
0.5596711423699913,0.8891962384896106,2.690514360842836
0.5601711423699913,0.8928673463628962,2.690514360842836
0.5606711423699913,0.8928673463628962,2.690514360842836
0.5611711423699913,0.8928673463628962,2.690514360842836
0.5616711423699913,0.8928673463628962,2.690514360842836
0.5621711423699913,0.8928673463628962,2.690514360842836
0.5626711423699913,0.8965384542361817,2.690514360842836
0.5631711423699912,0.8965384542361817,2.690514360842836
0.5636711423699913,0.8965384542361817,2.690514360842836
0.5641711423699912,0.8965384542361817,2.690514360842836
0.5646711423699913,0.8965384542361817,2.690514360842836
0.5651711423699912,0.9002095621094673,2.690514360842836
0.5656711423699913,0.9002095621094673,2.690514360842836
0.5661711423699912,0.9002095621094673,2.690514360842836
0.5666711423699913,0.9038806699827528,2.690514360842836
0.5671711423699912,0.9002095621094673,2.690514360842836
0.5676711423699913,0.9038806699827528,2.690514360842836
0.5681711423699912,0.9038806699827528,2.690514360842836
0.5686711423699913,0.9038806699827528,2.690514360842836
0.5691711423699912,0.9038806699827528,2.690514360842836
0.5696711423699913,0.9038806699827528,2.690514360842836
0.5701711423699912,0.9075517778560385,2.690514360842836
0.5706711423699913,0.9075517778560385,2.690514360842836
0.5711711423699912,0.9075517778560385,2.690514360842836
0.5716711423699913,0.9075517778560385,2.690514360842836
0.5721711423699912,0.911222885729324,2.690514360842836
0.5726711423699913,0.911222885729324,2.690514360842836
0.5731711423699912,0.911222885729324,2.690514360842836
0.5736711423699913,0.911222885729324,2.690514360842836
0.5741711423699912,0.9148939936026096,2.690514360842836
0.5746711423699913,0.9148939936026096,2.690514360842836
0.5751711423699912,0.9148939936026096,2.690514360842836
0.5756711423699913,0.9148939936026096,2.690514360842836
0.5761711423699912,0.9185651014758951,2.690514360842836
0.5766711423699913,0.9185651014758951,2.690514360842836
0.5771711423699912,0.9185651014758951,2.690514360842836
0.5776711423699913,0.9185651014758951,2.690514360842836
0.5781711423699912,0.9185651014758951,2.690514360842836
0.5786711423699913,0.9222362093491807,2.690514360842836
0.5791711423699912,0.9222362093491807,2.690514360842836
0.5796711423699913,0.9222362093491807,2.690514360842836
0.5801711423699912,0.9222362093491807,2.690514360842836
0.5806711423699913,0.9259073172224662,2.690514360842836
0.5811711423699912,0.9259073172224662,2.690514360842836
0.5816711423699913,0.9259073172224662,2.690514360842836
0.5821711423699912,0.9259073172224662,2.690514360842836
0.5826711423699913,0.9295784250957518,2.690514360842836
0.5831711423699912,0.9295784250957518,2.690514360842836
0.5836711423699913,0.9295784250957518,2.690514360842836
0.5841711423699912,0.9295784250957518,2.690514360842836
0.5846711423699913,0.9295784250957518,2.690514360842836
0.5851711423699912,0.9295784250957518,2.690514360842836
0.5856711423699913,0.9332495329690373,2.690514360842836
0.5861711423699912,0.9332495329690373,2.690514360842836
0.5866711423699913,0.9332495329690373,2.690514360842836
0.5871711423699912,0.9332495329690373,2.690514360842836
0.5876711423699913,0.936920640842323,2.690514360842836
0.5881711423699912,0.936920640842323,2.690514360842836
0.5886711423699913,0.936920640842323,2.690514360842836
0.5891711423699912,0.936920640842323,2.690514360842836
0.5896711423699913,0.936920640842323,2.690514360842836
0.5901711423699912,0.9405917487156086,2.690514360842836
0.5906711423699913,0.9405917487156086,2.690514360842836
0.5911711423699912,0.9405917487156086,2.690514360842836
0.5916711423699913,0.9405917487156086,2.690514360842836
0.5921711423699912,0.9442628565888941,2.690514360842836
0.5926711423699913,0.9442628565888941,2.690514360842836
0.5931711423699912,0.9442628565888941,2.690514360842836
0.5936711423699913,0.9442628565888941,2.690514360842836
0.5941711423699912,0.9479339644621797,2.690514360842836
0.5946711423699913,0.9479339644621797,2.690514360842836
0.5951711423699912,0.9479339644621797,2.690514360842836
0.5956711423699913,0.9479339644621797,2.690514360842836
0.5961711423699912,0.9479339644621797,2.690514360842836
0.5966711423699913,0.9516050723354652,2.690514360842836
0.5971711423699912,0.9516050723354652,2.690514360842836
0.5976711423699913,0.9516050723354652,2.690514360842836
0.5981711423699912,0.9516050723354652,2.690514360842836
0.5986711423699913,0.9552761802087508,2.690514360842836
0.5991711423699912,0.9552761802087508,2.690514360842836
0.5996711423699913,0.9552761802087508,2.690514360842836
0.6001711423699913,0.9552761802087508,2.690514360842836
0.6006711423699913,0.9552761802087508,2.690514360842836
0.6011711423699913,0.9589472880820363,2.690514360842836
0.6016711423699913,0.9589472880820363,2.690514360842836
0.6021711423699913,0.9589472880820363,2.690514360842836
0.6026711423699913,0.9589472880820363,2.690514360842836
0.6031711423699913,0.9626183959553219,2.690514360842836
0.6036711423699913,0.9626183959553219,2.690514360842836
0.6041711423699913,0.9626183959553219,2.690514360842836
0.6046711423699913,0.9626183959553219,2.690514360842836
0.6051711423699913,0.9662895038286075,2.690514360842836
0.6056711423699913,0.9662895038286075,2.690514360842836
0.6061711423699913,0.9662895038286075,2.690514360842836
0.6066711423699913,0.9662895038286075,2.690514360842836
0.6071711423699913,0.9662895038286075,2.690514360842836
0.6076711423699913,0.9662895038286075,2.690514360842836
0.6081711423699913,0.9699606117018931,2.690514360842836
0.6086711423699913,0.9699606117018931,2.690514360842836
0.6091711423699913,0.9699606117018931,2.690514360842836
0.6096711423699913,0.9699606117018931,2.690514360842836
0.6101711423699913,0.9736317195751786,2.690514360842836
0.6106711423699913,0.9736317195751786,2.690514360842836
0.6111711423699913,0.9736317195751786,2.690514360842836
0.6116711423699913,0.9736317195751786,2.690514360842836
0.6121711423699913,0.9773028274484642,2.690514360842836
0.6126711423699913,0.9773028274484642,2.690514360842836
0.6131711423699913,0.9773028274484642,2.690514360842836
0.6136711423699913,0.9773028274484642,2.690514360842836
0.6141711423699913,0.9809739353217497,2.690514360842836
0.6146711423699913,0.9809739353217497,2.690514360842836
0.6151711423699913,0.9809739353217497,2.690514360842836
0.6156711423699913,0.9809739353217497,2.690514360842836
0.6161711423699913,0.9846450431950353,2.690514360842836
0.6166711423699913,0.9846450431950353,2.690514360842836
0.6171711423699913,0.9846450431950353,2.690514360842836
0.6176711423699913,0.9846450431950353,2.690514360842836
0.6181711423699913,0.9883161510683208,2.690514360842836
0.6186711423699913,0.9883161510683208,2.690514360842836
0.6191711423699913,0.9883161510683208,2.690514360842836
0.6196711423699913,0.9883161510683208,2.690514360842836
0.6201711423699913,0.9919872589416064,2.690514360842836
0.6206711423699913,0.9919872589416064,2.690514360842836
0.6211711423699913,0.9919872589416064,2.690514360842836
0.6216711423699913,0.9919872589416064,2.690514360842836
0.6221711423699913,0.9919872589416064,2.690514360842836
0.6226711423699913,0.9919872589416064,2.690514360842836
0.6231711423699913,0.9956583668148919,2.690514360842836
0.6236711423699913,0.9956583668148919,2.690514360842836
0.6241711423699913,0.9956583668148919,2.690514360842836
0.6246711423699913,0.9993294746881776,2.690514360842836
0.6251711423699913,0.9993294746881776,2.690514360842836
0.6256711423699912,0.9993294746881776,2.690514360842836
0.6261711423699913,0.9993294746881776,2.690514360842836
0.6266711423699912,0.9993294746881776,2.690514360842836
0.6271711423699913,0.9993294746881776,2.690514360842836
0.6276711423699912,1.003000582561463,2.690514360842836
0.6281711423699913,1.003000582561463,2.690514360842836
0.6286711423699912,1.003000582561463,2.690514360842836
0.6291711423699913,1.003000582561463,2.690514360842836
0.6296711423699912,1.006671690434749,2.690514360842836
0.6301711423699913,1.006671690434749,2.690514360842836
0.6306711423699912,1.006671690434749,2.690514360842836
0.6311711423699913,1.006671690434749,2.690514360842836
0.6316711423699912,1.006671690434749,2.690514360842836
0.6321711423699913,1.010342798308034,2.690514360842836
0.6326711423699912,1.010342798308034,2.690514360842836
0.6331711423699913,1.010342798308034,2.690514360842836
0.6336711423699912,1.010342798308034,2.690514360842836
0.6341711423699913,1.010342798308034,2.690514360842836
0.6346711423699912,1.01401390618132,2.690514360842836
0.6351711423699913,1.01401390618132,2.690514360842836
0.6356711423699912,1.01401390618132,2.690514360842836
0.6361711423699913,1.01401390618132,2.690514360842836
0.6366711423699912,1.01401390618132,2.690514360842836
0.6371711423699913,1.01401390618132,2.690514360842836
0.6376711423699912,1.017685014054605,2.690514360842836
0.6381711423699913,1.017685014054605,2.690514360842836
0.6386711423699912,1.017685014054605,2.690514360842836
0.6391711423699913,1.017685014054605,2.690514360842836
0.6396711423699912,1.017685014054605,2.690514360842836
0.6401711423699913,1.021356121927891,2.690514360842836
0.6406711423699912,1.021356121927891,2.690514360842836
0.6411711423699913,1.021356121927891,2.690514360842836
0.6416711423699912,1.021356121927891,2.690514360842836
0.6421711423699913,1.025027229801176,2.690514360842836
0.6426711423699912,1.025027229801176,2.690514360842836
0.6431711423699913,1.025027229801176,2.690514360842836
0.6436711423699912,1.025027229801176,2.690514360842836
0.6441711423699913,1.025027229801176,2.690514360842836
0.6446711423699912,1.028698337674462,2.690514360842836
0.6451711423699913,1.028698337674462,2.690514360842836
0.6456711423699912,1.028698337674462,2.690514360842836
0.6461711423699913,1.028698337674462,2.690514360842836
0.6466711423699912,1.028698337674462,2.690514360842836
0.6471711423699913,1.032369445547748,2.690514360842836
0.6476711423699912,1.032369445547748,2.690514360842836
0.6481711423699913,1.032369445547748,2.690514360842836
0.6486711423699912,1.032369445547748,2.690514360842836
0.6491711423699913,1.032369445547748,2.690514360842836
0.6496711423699912,1.032369445547748,2.690514360842836
0.6501711423699913,1.036040553421033,2.690514360842836
0.6506711423699912,1.036040553421033,2.690514360842836
0.6511711423699913,1.036040553421033,2.690514360842836
0.6516711423699912,1.036040553421033,2.690514360842836
0.6521711423699913,1.036040553421033,2.690514360842836
0.6526711423699912,1.039711661294319,2.690514360842836
0.6531711423699913,1.039711661294319,2.690514360842836
0.6536711423699912,1.039711661294319,2.690514360842836
0.6541711423699913,1.043382769167604,2.690514360842836
0.6546711423699912,1.043382769167604,2.690514360842836
0.6551711423699913,1.043382769167604,2.690514360842836
0.6556711423699912,1.043382769167604,2.690514360842836
0.6561711423699913,1.043382769167604,2.690514360842836
0.6566711423699912,1.04705387704089,2.690514360842836
0.6571711423699913,1.04705387704089,2.690514360842836
0.6576711423699912,1.04705387704089,2.690514360842836
0.6581711423699913,1.04705387704089,2.690514360842836
0.6586711423699912,1.04705387704089,2.690514360842836
0.6591711423699913,1.04705387704089,2.690514360842836
0.6596711423699912,1.050724984914175,2.690514360842836
0.6601711423699913,1.050724984914175,2.690514360842836
0.6606711423699912,1.054396092787461,2.690514360842836
0.6611711423699913,1.054396092787461,2.690514360842836
0.6616711423699912,1.054396092787461,2.690514360842836
0.6621711423699913,1.054396092787461,2.690514360842836
0.6626711423699913,1.054396092787461,2.690514360842836
0.6631711423699913,1.058067200660747,2.690514360842836
0.6636711423699913,1.058067200660747,2.690514360842836
0.6641711423699913,1.058067200660747,2.690514360842836
0.6646711423699913,1.058067200660747,2.690514360842836
0.6651711423699913,1.058067200660747,2.690514360842836
0.6656711423699913,1.061738308534032,2.690514360842836
0.6661711423699913,1.061738308534032,2.690514360842836
0.6666711423699913,1.061738308534032,2.690514360842836
0.6671711423699913,1.061738308534032,2.690514360842836
0.6676711423699913,1.061738308534032,2.690514360842836
0.6681711423699913,1.065409416407318,2.690514360842836
0.6686711423699913,1.065409416407318,2.690514360842836
0.6691711423699913,1.065409416407318,2.690514360842836
0.6696711423699913,1.065409416407318,2.690514360842836
0.6701711423699913,1.065409416407318,2.690514360842836
0.6706711423699913,1.069080524280603,2.690514360842836
0.6711711423699913,1.069080524280603,2.690514360842836
0.6716711423699913,1.069080524280603,2.690514360842836
0.6721711423699913,1.069080524280603,2.690514360842836
0.6726711423699913,1.072751632153889,2.690514360842836
0.6731711423699913,1.072751632153889,2.690514360842836
0.6736711423699913,1.072751632153889,2.690514360842836
0.6741711423699913,1.072751632153889,2.690514360842836
0.6746711423699913,1.076422740027174,2.690514360842836
0.6751711423699913,1.076422740027174,2.690514360842836
0.6756711423699913,1.076422740027174,2.690514360842836
0.6761711423699913,1.076422740027174,2.690514360842836
0.6766711423699913,1.08009384790046,2.690514360842836
0.6771711423699913,1.08009384790046,2.690514360842836
0.6776711423699913,1.08009384790046,2.690514360842836
0.6781711423699913,1.08009384790046,2.690514360842836
0.6786711423699913,1.08009384790046,2.690514360842836
0.6791711423699913,1.083764955773745,2.690514360842836
0.6796711423699913,1.083764955773745,2.690514360842836
0.6801711423699913,1.083764955773745,2.690514360842836
0.6806711423699913,1.083764955773745,2.690514360842836
0.6811711423699913,1.087436063647031,2.690514360842836
0.6816711423699913,1.087436063647031,2.690514360842836
0.6821711423699913,1.087436063647031,2.690514360842836
0.6826711423699913,1.087436063647031,2.690514360842836
0.6831711423699913,1.091107171520317,2.690514360842836
0.6836711423699913,1.091107171520317,2.690514360842836
0.6841711423699913,1.091107171520317,2.690514360842836
0.6846711423699913,1.091107171520317,2.690514360842836
0.6851711423699913,1.091107171520317,2.690514360842836
0.6856711423699913,1.094778279393602,2.690514360842836
0.6861711423699913,1.094778279393602,2.690514360842836
0.6866711423699913,1.094778279393602,2.690514360842836
0.6871711423699913,1.094778279393602,2.690514360842836
0.6876711423699913,1.094778279393602,2.690514360842836
0.6881711423699912,1.098449387266888,2.690514360842836
0.6886711423699913,1.098449387266888,2.690514360842836
0.6891711423699912,1.098449387266888,2.690514360842836
0.6896711423699913,1.098449387266888,2.690514360842836
0.6901711423699912,1.102120495140173,2.690514360842836
0.6906711423699913,1.102120495140173,2.690514360842836
0.6911711423699912,1.102120495140173,2.690514360842836
0.6916711423699913,1.105791603013459,2.690514360842836
0.6921711423699912,1.105791603013459,2.690514360842836
0.6926711423699913,1.105791603013459,2.690514360842836
0.6931711423699912,1.105791603013459,2.690514360842836
0.6936711423699913,1.105791603013459,2.690514360842836
0.6941711423699912,1.105791603013459,2.690514360842836
0.6946711423699913,1.109462710886745,2.690514360842836
0.6951711423699912,1.109462710886745,2.690514360842836
0.6956711423699913,1.109462710886745,2.690514360842836
0.6961711423699912,1.109462710886745,2.690514360842836
0.6966711423699913,1.11313381876003,2.690514360842836
0.6971711423699912,1.11313381876003,2.690514360842836
0.6976711423699913,1.11313381876003,2.690514360842836
0.6981711423699912,1.11313381876003,2.690514360842836
0.6986711423699913,1.116804926633316,2.690514360842836
0.6991711423699912,1.116804926633316,2.690514360842836
0.6996711423699913,1.116804926633316,2.690514360842836
0.7001711423699912,1.116804926633316,2.690514360842836
0.7006711423699913,1.116804926633316,2.690514360842836
0.7011711423699912,1.116804926633316,2.690514360842836
0.7016711423699913,1.120476034506601,2.690514360842836
0.7021711423699912,1.120476034506601,2.690514360842836
0.7026711423699913,1.120476034506601,2.690514360842836
0.7031711423699912,1.124147142379887,2.690514360842836
0.7036711423699913,1.124147142379887,2.690514360842836
0.7041711423699912,1.124147142379887,2.690514360842836
0.7046711423699913,1.124147142379887,2.690514360842836
0.7051711423699912,1.124147142379887,2.690514360842836
0.7056711423699913,1.127818250253172,2.690514360842836
0.7061711423699912,1.127818250253172,2.690514360842836
0.7066711423699913,1.127818250253172,2.690514360842836
0.7071711423699912,1.127818250253172,2.690514360842836
0.7076711423699913,1.127818250253172,2.690514360842836
0.7081711423699912,1.131489358126458,2.690514360842836
0.7086711423699913,1.131489358126458,2.690514360842836
0.7091711423699912,1.131489358126458,2.690514360842836
0.7096711423699913,1.131489358126458,2.690514360842836
0.7101711423699912,1.135160465999743,2.690514360842836
0.7106711423699913,1.135160465999743,2.690514360842836
0.7111711423699912,1.135160465999743,2.690514360842836
0.7116711423699913,1.135160465999743,2.690514360842836
0.7121711423699912,1.138831573873029,2.690514360842836
0.7126711423699913,1.138831573873029,2.690514360842836
0.7131711423699912,1.138831573873029,2.690514360842836
0.7136711423699913,1.138831573873029,2.690514360842836
0.7141711423699912,1.138831573873029,2.690514360842836
0.7146711423699913,1.142502681746314,2.690514360842836
0.7151711423699912,1.142502681746314,2.690514360842836
0.7156711423699913,1.142502681746314,2.690514360842836
0.7161711423699912,1.142502681746314,2.690514360842836
0.7166711423699913,1.1461737896196,2.690514360842836
0.7171711423699912,1.1461737896196,2.690514360842836
0.7176711423699913,1.1461737896196,2.690514360842836
0.7181711423699912,1.1461737896196,2.690514360842836
0.7186711423699913,1.1461737896196,2.690514360842836
0.7191711423699912,1.149844897492886,2.690514360842836
0.7196711423699913,1.149844897492886,2.690514360842836
0.7201711423699912,1.149844897492886,2.690514360842836
0.7206711423699913,1.149844897492886,2.690514360842836
0.7211711423699912,1.149844897492886,2.690514360842836
0.7216711423699913,1.149844897492886,2.690514360842836
0.7221711423699912,1.153516005366171,2.690514360842836
0.7226711423699913,1.153516005366171,2.690514360842836
0.7231711423699912,1.153516005366171,2.690514360842836
0.7236711423699913,1.157187113239457,2.690514360842836
0.7241711423699912,1.157187113239457,2.690514360842836
0.7246711423699913,1.157187113239457,2.690514360842836
0.7251711423699913,1.157187113239457,2.690514360842836
0.7256711423699913,1.157187113239457,2.690514360842836
0.7261711423699913,1.160858221112742,2.690514360842836
0.7266711423699913,1.160858221112742,2.690514360842836
0.7271711423699913,1.160858221112742,2.690514360842836
0.7276711423699913,1.160858221112742,2.690514360842836
0.7281711423699913,1.160858221112742,2.690514360842836
0.7286711423699913,1.164529328986028,2.690514360842836
0.7291711423699913,1.164529328986028,2.690514360842836
0.7296711423699913,1.164529328986028,2.690514360842836
0.7301711423699913,1.168200436859314,2.690514360842836
0.7306711423699913,1.168200436859314,2.690514360842836
0.7311711423699913,1.168200436859314,2.690514360842836
0.7316711423699913,1.168200436859314,2.690514360842836
0.7321711423699913,1.168200436859314,2.690514360842836
0.7326711423699913,1.171871544732599,2.690514360842836
0.7331711423699913,1.171871544732599,2.690514360842836
0.7336711423699913,1.171871544732599,2.690514360842836
0.7341711423699913,1.171871544732599,2.690514360842836
0.7346711423699913,1.171871544732599,2.690514360842836
0.7351711423699913,1.175542652605885,2.690514360842836
0.7356711423699913,1.175542652605885,2.690514360842836
0.7361711423699913,1.175542652605885,2.690514360842836
0.7366711423699913,1.175542652605885,2.690514360842836
0.7371711423699913,1.17921376047917,2.690514360842836
0.7376711423699913,1.17921376047917,2.690514360842836
0.7381711423699913,1.17921376047917,2.690514360842836
0.7386711423699913,1.17921376047917,2.690514360842836
0.7391711423699913,1.182884868352456,2.690514360842836
0.7396711423699913,1.182884868352456,2.690514360842836
0.7401711423699913,1.182884868352456,2.690514360842836
0.7406711423699913,1.182884868352456,2.690514360842836
0.7411711423699913,1.182884868352456,2.690514360842836
0.7416711423699913,1.186555976225741,2.690514360842836
0.7421711423699913,1.186555976225741,2.690514360842836
0.7426711423699913,1.186555976225741,2.690514360842836
0.7431711423699913,1.186555976225741,2.690514360842836
0.7436711423699913,1.190227084099027,2.690514360842836
0.7441711423699913,1.190227084099027,2.690514360842836
0.7446711423699913,1.190227084099027,2.690514360842836
0.7451711423699913,1.190227084099027,2.690514360842836
0.7456711423699913,1.193898191972312,2.690514360842836
0.7461711423699913,1.193898191972312,2.690514360842836
0.7466711423699913,1.193898191972312,2.690514360842836
0.7471711423699913,1.197569299845598,2.690514360842836
0.7476711423699913,1.193898191972312,2.690514360842836
0.7481711423699913,1.197569299845598,2.690514360842836
0.7486711423699913,1.197569299845598,2.690514360842836
0.7491711423699913,1.197569299845598,2.690514360842836
0.7496711423699913,1.201240407718884,2.690514360842836
0.7501711423699913,1.201240407718884,2.690514360842836
0.7506711423699912,1.201240407718884,2.690514360842836
0.7511711423699913,1.201240407718884,2.690514360842836
0.7516711423699912,1.201240407718884,2.690514360842836
0.7521711423699913,1.204911515592169,2.690514360842836
0.7526711423699912,1.204911515592169,2.690514360842836
0.7531711423699913,1.204911515592169,2.690514360842836
0.7536711423699912,1.208582623465455,2.690514360842836
0.7541711423699913,1.208582623465455,2.690514360842836
0.7546711423699912,1.208582623465455,2.690514360842836
0.7551711423699913,1.208582623465455,2.690514360842836
0.7556711423699912,1.208582623465455,2.690514360842836
0.7561711423699913,1.21225373133874,2.690514360842836
0.7566711423699912,1.21225373133874,2.690514360842836
0.7571711423699913,1.21225373133874,2.690514360842836
0.7576711423699912,1.21225373133874,2.690514360842836
0.7581711423699913,1.21225373133874,2.690514360842836
0.7586711423699912,1.215924839212026,2.690514360842836
0.7591711423699913,1.215924839212026,2.690514360842836
0.7596711423699912,1.215924839212026,2.690514360842836
0.7601711423699913,1.215924839212026,2.690514360842836
0.7606711423699912,1.219595947085311,2.690514360842836
0.7611711423699913,1.219595947085311,2.690514360842836
0.7616711423699912,1.219595947085311,2.690514360842836
0.7621711423699913,1.223267054958597,2.690514360842836
0.7626711423699912,1.223267054958597,2.690514360842836
0.7631711423699913,1.223267054958597,2.690514360842836
0.7636711423699912,1.223267054958597,2.690514360842836
0.7641711423699913,1.223267054958597,2.690514360842836
0.7646711423699912,1.223267054958597,2.690514360842836
0.7651711423699913,1.226938162831883,2.690514360842836
0.7656711423699912,1.226938162831883,2.690514360842836
0.7661711423699913,1.226938162831883,2.690514360842836
0.7666711423699912,1.226938162831883,2.690514360842836
0.7671711423699913,1.226938162831883,2.690514360842836
0.7676711423699912,1.230609270705168,2.690514360842836
0.7681711423699913,1.230609270705168,2.690514360842836
0.7686711423699912,1.230609270705168,2.690514360842836
0.7691711423699913,1.234280378578454,2.690514360842836
0.7696711423699912,1.234280378578454,2.690514360842836
0.7701711423699913,1.234280378578454,2.690514360842836
0.7706711423699912,1.234280378578454,2.690514360842836
0.7711711423699913,1.237951486451739,2.690514360842836
0.7716711423699912,1.237951486451739,2.690514360842836
0.7721711423699913,1.237951486451739,2.690514360842836
0.7726711423699912,1.237951486451739,2.690514360842836
0.7731711423699913,1.237951486451739,2.690514360842836
0.7736711423699912,1.241622594325025,2.690514360842836
0.7741711423699913,1.241622594325025,2.690514360842836
0.7746711423699912,1.241622594325025,2.690514360842836
0.7751711423699913,1.241622594325025,2.690514360842836
0.7756711423699912,1.24529370219831,2.690514360842836
0.7761711423699913,1.24529370219831,2.690514360842836
0.7766711423699912,1.24529370219831,2.690514360842836
0.7771711423699913,1.24529370219831,2.690514360842836
0.7776711423699912,1.24529370219831,2.690514360842836
0.7781711423699913,1.248964810071596,2.690514360842836
0.7786711423699912,1.248964810071596,2.690514360842836
0.7791711423699913,1.248964810071596,2.690514360842836
0.7796711423699912,1.248964810071596,2.690514360842836
0.7801711423699913,1.252635917944881,2.690514360842836
0.7806711423699912,1.252635917944881,2.690514360842836
0.7811711423699913,1.252635917944881,2.690514360842836
0.7816711423699912,1.252635917944881,2.690514360842836
0.7821711423699913,1.252635917944881,2.690514360842836
0.7826711423699912,1.256307025818167,2.690514360842836
0.7831711423699913,1.252635917944881,2.690514360842836
0.7836711423699912,1.256307025818167,2.690514360842836
0.7841711423699913,1.256307025818167,2.690514360842836
0.7846711423699912,1.256307025818167,2.690514360842836
0.7851711423699913,1.256307025818167,2.690514360842836
0.7856711423699912,1.259978133691453,2.690514360842836
0.7861711423699913,1.259978133691453,2.690514360842836
0.7866711423699912,1.259978133691453,2.690514360842836
0.7871711423699913,1.259978133691453,2.690514360842836
0.7876711423699913,1.259978133691453,2.690514360842836
0.7881711423699913,1.263649241564738,2.690514360842836
0.7886711423699913,1.263649241564738,2.690514360842836
0.7891711423699913,1.263649241564738,2.690514360842836
0.7896711423699913,1.263649241564738,2.690514360842836
0.7901711423699913,1.267320349438024,2.690514360842836
0.7906711423699913,1.263649241564738,2.690514360842836
0.7911711423699913,1.267320349438024,2.690514360842836
0.7916711423699913,1.267320349438024,2.690514360842836
0.7921711423699913,1.267320349438024,2.690514360842836
0.7926711423699913,1.270991457311309,2.690514360842836
0.7931711423699913,1.270991457311309,2.690514360842836
0.7936711423699913,1.270991457311309,2.690514360842836
0.7941711423699913,1.270991457311309,2.690514360842836
0.7946711423699913,1.270991457311309,2.690514360842836
0.7951711423699913,1.270991457311309,2.690514360842836
0.7956711423699913,1.274662565184595,2.690514360842836
0.7961711423699913,1.274662565184595,2.690514360842836
0.7966711423699913,1.274662565184595,2.690514360842836
0.7971711423699913,1.274662565184595,2.690514360842836
0.7976711423699913,1.27833367305788,2.690514360842836
0.7981711423699913,1.27833367305788,2.690514360842836
0.7986711423699913,1.27833367305788,2.690514360842836
0.7991711423699913,1.27833367305788,2.690514360842836
0.7996711423699913,1.27833367305788,2.690514360842836
0.8001711423699913,1.27833367305788,2.690514360842836
0.8006711423699913,1.282004780931166,2.690514360842836
0.8011711423699913,1.282004780931166,2.690514360842836
0.8016711423699913,1.282004780931166,2.690514360842836
0.8021711423699913,1.282004780931166,2.690514360842836
0.8026711423699913,1.285675888804451,2.690514360842836
0.8031711423699913,1.285675888804451,2.690514360842836
0.8036711423699913,1.285675888804451,2.690514360842836
0.8041711423699913,1.285675888804451,2.690514360842836
0.8046711423699913,1.285675888804451,2.690514360842836
0.8051711423699913,1.289346996677737,2.690514360842836
0.8056711423699913,1.289346996677737,2.690514360842836
0.8061711423699913,1.289346996677737,2.690514360842836
0.8066711423699913,1.289346996677737,2.690514360842836
0.8071711423699913,1.289346996677737,2.690514360842836
0.8076711423699913,1.293018104551023,2.690514360842836
0.8081711423699913,1.293018104551023,2.690514360842836
0.8086711423699913,1.293018104551023,2.690514360842836
0.8091711423699913,1.293018104551023,2.690514360842836
0.8096711423699913,1.296689212424308,2.690514360842836
0.8101711423699913,1.296689212424308,2.690514360842836
0.8106711423699913,1.296689212424308,2.690514360842836
0.8111711423699913,1.296689212424308,2.690514360842836
0.8116711423699913,1.300360320297594,2.690514360842836
0.8121711423699913,1.300360320297594,2.690514360842836
0.8126711423699913,1.300360320297594,2.690514360842836
0.8131711423699912,1.300360320297594,2.690514360842836
0.8136711423699913,1.300360320297594,2.690514360842836
0.8141711423699912,1.304031428170879,2.690514360842836
0.8146711423699913,1.304031428170879,2.690514360842836
0.8151711423699912,1.304031428170879,2.690514360842836
0.8156711423699913,1.304031428170879,2.690514360842836
0.8161711423699912,1.307702536044165,2.690514360842836
0.8166711423699913,1.307702536044165,2.690514360842836
0.8171711423699912,1.307702536044165,2.690514360842836
0.8176711423699913,1.307702536044165,2.690514360842836
0.8181711423699912,1.307702536044165,2.690514360842836
0.8186711423699913,1.31137364391745,2.690514360842836
0.8191711423699912,1.31137364391745,2.690514360842836
0.8196711423699913,1.31137364391745,2.690514360842836
0.8201711423699912,1.31137364391745,2.690514360842836
0.8206711423699913,1.315044751790736,2.690514360842836
0.8211711423699912,1.315044751790736,2.690514360842836
0.8216711423699913,1.315044751790736,2.690514360842836
0.8221711423699912,1.315044751790736,2.690514360842836
0.8226711423699913,1.315044751790736,2.690514360842836
0.8231711423699912,1.318715859664022,2.690514360842836
0.8236711423699913,1.318715859664022,2.690514360842836
0.8241711423699912,1.318715859664022,2.690514360842836
0.8246711423699913,1.318715859664022,2.690514360842836
0.8251711423699912,1.322386967537307,2.690514360842836
0.8256711423699913,1.322386967537307,2.690514360842836
0.8261711423699912,1.322386967537307,2.690514360842836
0.8266711423699913,1.322386967537307,2.690514360842836
0.8271711423699912,1.322386967537307,2.690514360842836
0.8276711423699913,1.326058075410593,2.690514360842836
0.8281711423699912,1.326058075410593,2.690514360842836
0.8286711423699913,1.326058075410593,2.690514360842836
0.8291711423699912,1.326058075410593,2.690514360842836
0.8296711423699913,1.329729183283878,2.690514360842836
0.8301711423699912,1.329729183283878,2.690514360842836
0.8306711423699913,1.329729183283878,2.690514360842836
0.8311711423699912,1.329729183283878,2.690514360842836
0.8316711423699913,1.333400291157164,2.690514360842836
0.8321711423699912,1.333400291157164,2.690514360842836
0.8326711423699913,1.333400291157164,2.690514360842836
0.8331711423699912,1.333400291157164,2.690514360842836
0.8336711423699913,1.337071399030449,2.690514360842836
0.8341711423699912,1.337071399030449,2.690514360842836
0.8346711423699913,1.337071399030449,2.690514360842836
0.8351711423699912,1.340742506903735,2.690514360842836
0.8356711423699913,1.340742506903735,2.690514360842836
0.8361711423699912,1.340742506903735,2.690514360842836
0.8366711423699913,1.340742506903735,2.690514360842836
0.8371711423699912,1.340742506903735,2.690514360842836
0.8376711423699913,1.34441361477702,2.690514360842836
0.8381711423699912,1.34441361477702,2.690514360842836
0.8386711423699913,1.34441361477702,2.690514360842836
0.8391711423699912,1.34441361477702,2.690514360842836
0.8396711423699913,1.34441361477702,2.690514360842836
0.8401711423699912,1.348084722650306,2.690514360842836
0.8406711423699913,1.348084722650306,2.690514360842836
0.8411711423699912,1.348084722650306,2.690514360842836
0.8416711423699913,1.348084722650306,2.690514360842836
0.8421711423699912,1.348084722650306,2.690514360842836
0.8426711423699913,1.348084722650306,2.690514360842836
0.8431711423699912,1.351755830523592,2.690514360842836
0.8436711423699913,1.351755830523592,2.690514360842836
0.8441711423699912,1.351755830523592,2.690514360842836
0.8446711423699913,1.355426938396877,2.690514360842836
0.8451711423699912,1.355426938396877,2.690514360842836
0.8456711423699913,1.355426938396877,2.690514360842836
0.8461711423699912,1.355426938396877,2.690514360842836
0.8466711423699913,1.355426938396877,2.690514360842836
0.8471711423699912,1.359098046270163,2.690514360842836
0.8476711423699913,1.359098046270163,2.690514360842836
0.8481711423699912,1.359098046270163,2.690514360842836
0.8486711423699913,1.359098046270163,2.690514360842836
0.8491711423699912,1.362769154143448,2.690514360842836
0.8496711423699913,1.362769154143448,2.690514360842836
0.8501711423699913,1.362769154143448,2.690514360842836
0.8506711423699913,1.362769154143448,2.690514360842836
0.8511711423699913,1.362769154143448,2.690514360842836
0.8516711423699913,1.362769154143448,2.690514360842836
0.8521711423699913,1.366440262016734,2.690514360842836
0.8526711423699913,1.366440262016734,2.690514360842836
0.8531711423699913,1.366440262016734,2.690514360842836
0.8536711423699913,1.366440262016734,2.690514360842836
0.8541711423699913,1.370111369890019,2.690514360842836
0.8546711423699913,1.370111369890019,2.690514360842836
0.8551711423699913,1.370111369890019,2.690514360842836
0.8556711423699913,1.370111369890019,2.690514360842836
0.8561711423699913,1.373782477763305,2.690514360842836
0.8566711423699913,1.373782477763305,2.690514360842836
0.8571711423699913,1.373782477763305,2.690514360842836
0.8576711423699913,1.373782477763305,2.690514360842836
0.8581711423699913,1.373782477763305,2.690514360842836
0.8586711423699913,1.377453585636591,2.690514360842836
0.8591711423699913,1.377453585636591,2.690514360842836
0.8596711423699913,1.377453585636591,2.690514360842836
0.8601711423699913,1.377453585636591,2.690514360842836
0.8606711423699913,1.381124693509876,2.690514360842836
0.8611711423699913,1.381124693509876,2.690514360842836
0.8616711423699913,1.381124693509876,2.690514360842836
0.8621711423699913,1.381124693509876,2.690514360842836
0.8626711423699913,1.381124693509876,2.690514360842836
0.8631711423699913,1.384795801383162,2.690514360842836
0.8636711423699913,1.384795801383162,2.690514360842836
0.8641711423699913,1.384795801383162,2.690514360842836
0.8646711423699913,1.384795801383162,2.690514360842836
0.8651711423699913,1.388466909256447,2.690514360842836
0.8656711423699913,1.388466909256447,2.690514360842836
0.8661711423699913,1.388466909256447,2.690514360842836
0.8666711423699913,1.388466909256447,2.690514360842836
0.8671711423699913,1.388466909256447,2.690514360842836
0.8676711423699913,1.392138017129733,2.690514360842836
0.8681711423699913,1.392138017129733,2.690514360842836
0.8686711423699913,1.392138017129733,2.690514360842836
0.8691711423699913,1.392138017129733,2.690514360842836
0.8696711423699913,1.392138017129733,2.690514360842836
0.8701711423699913,1.395809125003018,2.690514360842836
0.8706711423699913,1.395809125003018,2.690514360842836
0.8711711423699913,1.395809125003018,2.690514360842836
0.8716711423699913,1.395809125003018,2.690514360842836
0.8721711423699913,1.399480232876304,2.690514360842836
0.8726711423699913,1.399480232876304,2.690514360842836
0.8731711423699913,1.399480232876304,2.690514360842836
0.8736711423699913,1.399480232876304,2.690514360842836
0.8741711423699913,1.399480232876304,2.690514360842836
0.8746711423699913,1.403151340749589,2.690514360842836
0.8751711423699913,1.403151340749589,2.690514360842836
0.8756711423699912,1.403151340749589,2.690514360842836
0.8761711423699913,1.403151340749589,2.690514360842836
0.8766711423699912,1.403151340749589,2.690514360842836
0.8771711423699913,1.406822448622875,2.690514360842836
0.8776711423699912,1.406822448622875,2.690514360842836
0.8781711423699913,1.406822448622875,2.690514360842836
0.8786711423699912,1.406822448622875,2.690514360842836
0.8791711423699913,1.410493556496161,2.690514360842836
0.8796711423699912,1.410493556496161,2.690514360842836
0.8801711423699913,1.410493556496161,2.690514360842836
0.8806711423699912,1.410493556496161,2.690514360842836
0.8811711423699913,1.410493556496161,2.690514360842836
0.8816711423699912,1.414164664369446,2.690514360842836
0.8821711423699913,1.414164664369446,2.690514360842836
0.8826711423699912,1.414164664369446,2.690514360842836
0.8831711423699913,1.414164664369446,2.690514360842836
0.8836711423699912,1.417835772242732,2.690514360842836
0.8841711423699913,1.417835772242732,2.690514360842836
0.8846711423699912,1.417835772242732,2.690514360842836
0.8851711423699913,1.417835772242732,2.690514360842836
0.8856711423699912,1.417835772242732,2.690514360842836
0.8861711423699913,1.421506880116017,2.690514360842836
0.8866711423699912,1.421506880116017,2.690514360842836
0.8871711423699913,1.421506880116017,2.690514360842836
0.8876711423699912,1.421506880116017,2.690514360842836
0.8881711423699913,1.425177987989303,2.690514360842836
0.8886711423699912,1.425177987989303,2.690514360842836
0.8891711423699913,1.425177987989303,2.690514360842836
0.8896711423699912,1.425177987989303,2.690514360842836
0.8901711423699913,1.425177987989303,2.690514360842836
0.8906711423699912,1.428849095862589,2.690514360842836
0.8911711423699913,1.428849095862589,2.690514360842836
0.8916711423699912,1.428849095862589,2.690514360842836
0.8921711423699913,1.432520203735874,2.690514360842836
0.8926711423699912,1.432520203735874,2.690514360842836
0.8931711423699913,1.432520203735874,2.690514360842836
0.8936711423699912,1.432520203735874,2.690514360842836
0.8941711423699913,1.43619131160916,2.690514360842836
0.8946711423699912,1.43619131160916,2.690514360842836
0.8951711423699913,1.43619131160916,2.690514360842836
0.8956711423699912,1.43619131160916,2.690514360842836
0.8961711423699913,1.439862419482445,2.690514360842836
0.8966711423699912,1.439862419482445,2.690514360842836
0.8971711423699913,1.439862419482445,2.690514360842836
0.8976711423699912,1.439862419482445,2.690514360842836
0.8981711423699913,1.439862419482445,2.690514360842836
0.8986711423699912,1.443533527355731,2.690514360842836
0.8991711423699913,1.443533527355731,2.690514360842836
0.8996711423699912,1.443533527355731,2.690514360842836
0.9001711423699913,1.443533527355731,2.690514360842836
0.9006711423699912,1.447204635229016,2.690514360842836
0.9011711423699913,1.447204635229016,2.690514360842836
0.9016711423699912,1.447204635229016,2.690514360842836
0.9021711423699913,1.447204635229016,2.690514360842836
0.9026711423699912,1.447204635229016,2.690514360842836
0.9031711423699913,1.450875743102302,2.690514360842836
0.9036711423699912,1.450875743102302,2.690514360842836
0.9041711423699913,1.450875743102302,2.690514360842836
0.9046711423699912,1.454546850975587,2.690514360842836
0.9051711423699913,1.454546850975587,2.690514360842836
0.9056711423699912,1.454546850975587,2.690514360842836
0.9061711423699913,1.454546850975587,2.690514360842836
0.9066711423699912,1.454546850975587,2.690514360842836
0.9071711423699913,1.454546850975587,2.690514360842836
0.9076711423699912,1.458217958848873,2.690514360842836
0.9081711423699913,1.458217958848873,2.690514360842836
0.9086711423699912,1.458217958848873,2.690514360842836
0.9091711423699913,1.458217958848873,2.690514360842836
0.9096711423699912,1.461889066722158,2.690514360842836
0.9101711423699913,1.461889066722158,2.690514360842836
0.9106711423699912,1.461889066722158,2.690514360842836
0.9111711423699913,1.461889066722158,2.690514360842836
0.9116711423699912,1.465560174595444,2.690514360842836
0.9121711423699913,1.465560174595444,2.690514360842836
0.9126711423699913,1.465560174595444,2.690514360842836
0.9131711423699913,1.465560174595444,2.690514360842836
0.9136711423699913,1.46923128246873,2.690514360842836
0.9141711423699913,1.46923128246873,2.690514360842836
0.9146711423699913,1.46923128246873,2.690514360842836
0.9151711423699913,1.46923128246873,2.690514360842836
0.9156711423699913,1.46923128246873,2.690514360842836
0.9161711423699913,1.472902390342015,2.690514360842836
0.9166711423699913,1.472902390342015,2.690514360842836
0.9171711423699913,1.472902390342015,2.690514360842836
0.9176711423699913,1.472902390342015,2.690514360842836
0.9181711423699913,1.472902390342015,2.690514360842836
0.9186711423699913,1.476573498215301,2.690514360842836
0.9191711423699913,1.476573498215301,2.690514360842836
0.9196711423699913,1.476573498215301,2.690514360842836
0.9201711423699913,1.476573498215301,2.690514360842836
0.9206711423699913,1.476573498215301,2.690514360842836
0.9211711423699913,1.480244606088586,2.690514360842836
0.9216711423699913,1.480244606088586,2.690514360842836
0.9221711423699913,1.480244606088586,2.690514360842836
0.9226711423699913,1.480244606088586,2.690514360842836
0.9231711423699913,1.480244606088586,2.690514360842836
0.9236711423699913,1.483915713961872,2.690514360842836
0.9241711423699913,1.483915713961872,2.690514360842836
0.9246711423699913,1.483915713961872,2.690514360842836
0.9251711423699913,1.483915713961872,2.690514360842836
0.9256711423699913,1.483915713961872,2.690514360842836
0.9261711423699913,1.487586821835158,2.690514360842836
0.9266711423699913,1.487586821835158,2.690514360842836
0.9271711423699913,1.487586821835158,2.690514360842836
0.9276711423699913,1.487586821835158,2.690514360842836
0.9281711423699913,1.491257929708443,2.690514360842836
0.9286711423699913,1.487586821835158,2.690514360842836
0.9291711423699913,1.491257929708443,2.690514360842836
0.9296711423699913,1.491257929708443,2.690514360842836
0.9301711423699913,1.491257929708443,2.690514360842836
0.9306711423699913,1.491257929708443,2.690514360842836
0.9311711423699913,1.494929037581729,2.690514360842836
0.9316711423699913,1.494929037581729,2.690514360842836
0.9321711423699913,1.494929037581729,2.690514360842836
0.9326711423699913,1.494929037581729,2.690514360842836
0.9331711423699913,1.494929037581729,2.690514360842836
0.9336711423699913,1.494929037581729,2.690514360842836
0.9341711423699913,1.498600145455014,2.690514360842836
0.9346711423699913,1.498600145455014,2.690514360842836
0.9351711423699913,1.498600145455014,2.690514360842836
0.9356711423699913,1.498600145455014,2.690514360842836
0.9361711423699913,1.5022712533283,2.690514360842836
0.9366711423699913,1.5022712533283,2.690514360842836
0.9371711423699913,1.5022712533283,2.690514360842836
0.9376711423699913,1.5022712533283,2.690514360842836
0.9381711423699912,1.505942361201585,2.690514360842836
0.9386711423699913,1.505942361201585,2.690514360842836
0.9391711423699912,1.505942361201585,2.690514360842836
0.9396711423699913,1.505942361201585,2.690514360842836
0.9401711423699912,1.505942361201585,2.690514360842836
0.9406711423699913,1.509613469074871,2.690514360842836
0.9411711423699912,1.509613469074871,2.690514360842836
0.9416711423699913,1.509613469074871,2.690514360842836
0.9421711423699912,1.509613469074871,2.690514360842836
0.9426711423699913,1.509613469074871,2.690514360842836
0.9431711423699912,1.513284576948156,2.690514360842836
0.9436711423699913,1.513284576948156,2.690514360842836
0.9441711423699912,1.513284576948156,2.690514360842836
0.9446711423699913,1.513284576948156,2.690514360842836
0.9451711423699912,1.516955684821442,2.690514360842836
0.9456711423699913,1.516955684821442,2.690514360842836
0.9461711423699912,1.516955684821442,2.690514360842836
0.9466711423699913,1.516955684821442,2.690514360842836
0.9471711423699912,1.520626792694727,2.690514360842836
0.9476711423699913,1.520626792694727,2.690514360842836
0.9481711423699912,1.520626792694727,2.690514360842836
0.9486711423699913,1.520626792694727,2.690514360842836
0.9491711423699912,1.520626792694727,2.690514360842836
0.9496711423699913,1.524297900568013,2.690514360842836
0.9501711423699912,1.524297900568013,2.690514360842836
0.9506711423699913,1.524297900568013,2.690514360842836
0.9511711423699912,1.524297900568013,2.690514360842836
0.9516711423699913,1.524297900568013,2.690514360842836
0.9521711423699912,1.524297900568013,2.690514360842836
0.9526711423699913,1.527969008441299,2.690514360842836
0.9531711423699912,1.527969008441299,2.690514360842836
0.9536711423699913,1.527969008441299,2.690514360842836
0.9541711423699912,1.531640116314584,2.690514360842836
0.9546711423699913,1.531640116314584,2.690514360842836
0.9551711423699912,1.531640116314584,2.690514360842836
0.9556711423699913,1.531640116314584,2.690514360842836
0.9561711423699912,1.53531122418787,2.690514360842836
0.9566711423699913,1.53531122418787,2.690514360842836
0.9571711423699912,1.53531122418787,2.690514360842836
0.9576711423699913,1.53531122418787,2.690514360842836
0.9581711423699912,1.53531122418787,2.690514360842836
0.9586711423699913,1.53531122418787,2.690514360842836
0.9591711423699912,1.538982332061155,2.690514360842836
0.9596711423699913,1.538982332061155,2.690514360842836
0.9601711423699912,1.538982332061155,2.690514360842836
0.9606711423699913,1.538982332061155,2.690514360842836
0.9611711423699912,1.542653439934441,2.690514360842836
0.9616711423699913,1.542653439934441,2.690514360842836
0.9621711423699912,1.542653439934441,2.690514360842836
0.9626711423699913,1.542653439934441,2.690514360842836
0.9631711423699912,1.542653439934441,2.690514360842836
0.9636711423699913,1.546324547807727,2.690514360842836
0.9641711423699912,1.546324547807727,2.690514360842836
0.9646711423699913,1.546324547807727,2.690514360842836
0.9651711423699912,1.546324547807727,2.690514360842836
0.9656711423699913,1.546324547807727,2.690514360842836
0.9661711423699912,1.549995655681012,2.690514360842836
0.9666711423699913,1.549995655681012,2.690514360842836
0.9671711423699912,1.549995655681012,2.690514360842836
0.9676711423699913,1.553666763554298,2.690514360842836
0.9681711423699912,1.553666763554298,2.690514360842836
0.9686711423699913,1.553666763554298,2.690514360842836
0.9691711423699912,1.553666763554298,2.690514360842836
0.9696711423699913,1.553666763554298,2.690514360842836
0.9701711423699912,1.553666763554298,2.690514360842836
0.9706711423699913,1.557337871427583,2.690514360842836
0.9711711423699912,1.557337871427583,2.690514360842836
0.9716711423699913,1.557337871427583,2.690514360842836
0.9721711423699912,1.561008979300869,2.690514360842836
0.9726711423699913,1.561008979300869,2.690514360842836
0.9731711423699912,1.561008979300869,2.690514360842836
0.9736711423699913,1.561008979300869,2.690514360842836
0.9741711423699912,1.561008979300869,2.690514360842836
0.9746711423699913,1.561008979300869,2.690514360842836
0.9751711423699913,1.564680087174154,2.690514360842836
0.9756711423699913,1.564680087174154,2.690514360842836
0.9761711423699913,1.564680087174154,2.690514360842836
0.9766711423699913,1.564680087174154,2.690514360842836
0.9771711423699913,1.56835119504744,2.690514360842836
0.9776711423699913,1.56835119504744,2.690514360842836
0.9781711423699913,1.56835119504744,2.690514360842836
0.9786711423699913,1.56835119504744,2.690514360842836
0.9791711423699913,1.572022302920725,2.690514360842836
0.9796711423699913,1.572022302920725,2.690514360842836
0.9801711423699913,1.572022302920725,2.690514360842836
0.9806711423699913,1.572022302920725,2.690514360842836
0.9811711423699913,1.575693410794011,2.690514360842836
0.9816711423699913,1.575693410794011,2.690514360842836
0.9821711423699913,1.575693410794011,2.690514360842836
0.9826711423699913,1.575693410794011,2.690514360842836
0.9831711423699913,1.575693410794011,2.690514360842836
0.9836711423699913,1.579364518667297,2.690514360842836
0.9841711423699913,1.579364518667297,2.690514360842836
0.9846711423699913,1.579364518667297,2.690514360842836
0.9851711423699913,1.579364518667297,2.690514360842836
0.9856711423699913,1.583035626540582,2.690514360842836
0.9861711423699913,1.583035626540582,2.690514360842836
0.9866711423699913,1.583035626540582,2.690514360842836
0.9871711423699913,1.583035626540582,2.690514360842836
0.9876711423699913,1.583035626540582,2.690514360842836
0.9881711423699913,1.586706734413868,2.690514360842836
0.9886711423699913,1.586706734413868,2.690514360842836
0.9891711423699913,1.586706734413868,2.690514360842836
0.9896711423699913,1.586706734413868,2.690514360842836
0.9901711423699913,1.590377842287153,2.690514360842836
0.9906711423699913,1.590377842287153,2.690514360842836
0.9911711423699913,1.590377842287153,2.690514360842836
0.9916711423699913,1.590377842287153,2.690514360842836
0.9921711423699913,1.594048950160439,2.690514360842836
0.9926711423699913,1.594048950160439,2.690514360842836
0.9931711423699913,1.594048950160439,2.690514360842836
0.9936711423699913,1.594048950160439,2.690514360842836
0.9941711423699913,1.594048950160439,2.690514360842836
0.9946711423699913,1.597720058033724,2.690514360842836
0.9951711423699913,1.597720058033724,2.690514360842836
0.9956711423699913,1.597720058033724,2.690514360842836
0.9961711423699913,1.597720058033724,2.690514360842836
0.9966711423699913,1.597720058033724,2.690514360842836
0.9971711423699913,1.60139116590701,2.690514360842836
0.9976711423699913,1.60139116590701,2.690514360842836
0.9981711423699913,1.60139116590701,2.690514360842836
0.9986711423699913,1.60139116590701,2.690514360842836
0.9991711423699913,1.60139116590701,2.690514360842836
0.9996711423699913,1.605062273780296,2.690514360842836
1.000171142369991,1.605062273780296,2.690514360842836
1.000671142369991,1.605062273780296,2.690514360842836
1.001171142369991,1.605062273780296,2.690514360842836
1.001671142369991,1.608733381653581,2.690514360842836
1.002171142369991,1.608733381653581,2.690514360842836
1.002671142369991,1.608733381653581,2.690514360842836
1.003171142369991,1.608733381653581,2.690514360842836
1.003671142369991,1.608733381653581,2.690514360842836
1.004171142369991,1.612404489526867,2.690514360842836
1.004671142369991,1.612404489526867,2.690514360842836
1.005171142369991,1.612404489526867,2.690514360842836
1.005671142369991,1.612404489526867,2.690514360842836
1.006171142369991,1.612404489526867,2.690514360842836
1.006671142369991,1.616075597400152,2.690514360842836
1.007171142369991,1.616075597400152,2.690514360842836
1.007671142369991,1.616075597400152,2.690514360842836
1.008171142369991,1.616075597400152,2.690514360842836
1.008671142369991,1.619746705273438,2.690514360842836
1.009171142369991,1.619746705273438,2.690514360842836
1.009671142369991,1.619746705273438,2.690514360842836
1.010171142369991,1.619746705273438,2.690514360842836
1.010671142369991,1.619746705273438,2.690514360842836
1.011171142369991,1.623417813146723,2.690514360842836
1.011671142369991,1.623417813146723,2.690514360842836
1.012171142369991,1.623417813146723,2.690514360842836
1.012671142369991,1.627088921020009,2.690514360842836
1.013171142369991,1.623417813146723,2.690514360842836
1.013671142369991,1.627088921020009,2.690514360842836
1.014171142369991,1.627088921020009,2.690514360842836
1.014671142369991,1.627088921020009,2.690514360842836
1.015171142369991,1.627088921020009,2.690514360842836
1.015671142369991,1.630760028893294,2.690514360842836
1.016171142369991,1.630760028893294,2.690514360842836
1.016671142369991,1.630760028893294,2.690514360842836
1.017171142369991,1.630760028893294,2.690514360842836
1.017671142369991,1.63443113676658,2.690514360842836
1.018171142369991,1.63443113676658,2.690514360842836
1.018671142369991,1.63443113676658,2.690514360842836
1.019171142369991,1.63443113676658,2.690514360842836
1.019671142369991,1.638102244639866,2.690514360842836
1.020171142369991,1.638102244639866,2.690514360842836
1.020671142369991,1.638102244639866,2.690514360842836
1.021171142369991,1.638102244639866,2.690514360842836
1.021671142369991,1.638102244639866,2.690514360842836
1.022171142369991,1.641773352513151,2.690514360842836
1.022671142369991,1.641773352513151,2.690514360842836
1.023171142369991,1.641773352513151,2.690514360842836
1.023671142369991,1.641773352513151,2.690514360842836
1.024171142369991,1.645444460386437,0.6011267462188699
1.024671142369991,1.645444460386437,-0.01376613455083048
1.025171142369991,1.645444460386437,-0.01409460297004507
1.025671142369991,1.645444460386437,-0.01376613455083048
1.026171142369991,1.645444460386437,-0.01376613455083048
1.026671142369991,1.649115568259722,-0.01409460297004507
1.027171142369991,1.649115568259722,-0.01376613455083048
1.027671142369991,1.649115568259722,-0.01409460297004507
1.028171142369991,1.649115568259722,-0.01376613455083048
1.028671142369991,1.649115568259722,-0.01376613455083048
1.029171142369991,1.652786676133008,-0.01409460297004507
1.029671142369991,1.652786676133008,-0.01376613455083048
1.030171142369991,1.652786676133008,-0.01409460297004507
1.030671142369991,1.652786676133008,-0.01376613455083048
1.031171142369991,1.652786676133008,-0.01409460297004507
1.031671142369991,1.656457784006294,-0.01409460297004507
1.032171142369991,1.656457784006294,-0.01376613455083048
1.032671142369991,1.656457784006294,-0.01409460297004507
1.033171142369991,1.656457784006294,-0.01409460297004507
1.033671142369991,1.660128891879579,-0.01409460297004507
1.034171142369991,1.660128891879579,-0.01409460297004507
1.034671142369991,1.660128891879579,-0.01409460297004507
1.035171142369991,1.660128891879579,-0.01409460297004507
1.035671142369991,1.660128891879579,-0.01409460297004507
1.036171142369991,1.663799999752865,-0.01409460297004507
1.036671142369991,1.663799999752865,-0.01409460297004507
1.037171142369991,1.663799999752865,-0.01409460297004507
1.037671142369991,1.66747110762615,-0.01409460297004507
1.038171142369991,1.66747110762615,-0.01409460297004507
1.038671142369991,1.66747110762615,-0.01409460297004507
1.039171142369991,1.66747110762615,-0.01409460297004507
1.039671142369991,1.671142215499436,-0.01409460297004507
1.040171142369991,1.671142215499436,-0.01376613455083048
1.040671142369991,1.671142215499436,-0.01409460297004507
1.041171142369991,1.671142215499436,-0.01409460297004507
1.041671142369991,1.671142215499436,-0.01409460297004507
1.042171142369991,1.674813323372721,-0.01409460297004507
1.042671142369991,1.674813323372721,-0.01409460297004507
1.043171142369991,1.674813323372721,-0.01409460297004507
1.043671142369991,1.674813323372721,-0.01376613455083048
1.044171142369991,1.678484431246007,-0.01409460297004507
1.044671142369991,1.678484431246007,-0.01409460297004507
1.045171142369991,1.678484431246007,-0.01409460297004507
1.045671142369991,1.678484431246007,-0.01409460297004507
1.046171142369991,1.682155539119292,-0.01376613455083048
1.046671142369991,1.682155539119292,-0.01409460297004507
1.047171142369991,1.682155539119292,-0.01376613455083048
1.047671142369991,1.682155539119292,-0.01409460297004507
1.048171142369991,1.682155539119292,-0.01409460297004507
1.048671142369991,1.685826646992578,-0.01409460297004507
1.049171142369991,1.685826646992578,-0.01409460297004507
1.049671142369991,1.685826646992578,-0.01409460297004507
1.050171142369991,1.685826646992578,-0.01409460297004507
1.050671142369991,1.685826646992578,-0.01409460297004507
1.051171142369991,1.689497754865863,-0.01409460297004507
1.051671142369991,1.689497754865863,-0.01409460297004507
1.052171142369991,1.689497754865863,-0.01409460297004507
1.052671142369991,1.693168862739149,-0.01409460297004507
1.053171142369991,1.693168862739149,-0.01409460297004507
1.053671142369991,1.693168862739149,-0.01409460297004507
1.054171142369991,1.693168862739149,-0.01376613455083048
1.054671142369991,1.693168862739149,-0.01409460297004507
1.055171142369991,1.693168862739149,-0.01409460297004507
1.055671142369991,1.696839970612435,-0.01409460297004507
1.056171142369991,1.696839970612435,-0.01409460297004507
1.056671142369991,1.696839970612435,-0.01376613455083048
1.057171142369991,1.70051107848572,-0.01409460297004507
1.057671142369991,1.70051107848572,-0.01409460297004507
1.058171142369991,1.70051107848572,-0.01409460297004507
1.058671142369991,1.70051107848572,-0.01409460297004507
1.059171142369991,1.70051107848572,-0.01376613455083048
1.059671142369991,1.704182186359006,-0.01409460297004507
1.060171142369991,1.704182186359006,-0.01409460297004507
1.060671142369991,1.704182186359006,-0.01376613455083048
1.061171142369991,1.704182186359006,-0.01409460297004507
1.061671142369991,1.704182186359006,-0.01376613455083048
1.062171142369991,1.707853294232291,-0.01376613455083048
1.062671142369991,1.707853294232291,-0.01409460297004507
1.063171142369991,1.707853294232291,-0.01376613455083048
1.063671142369991,1.707853294232291,-0.01409460297004507
1.064171142369991,1.707853294232291,-0.01409460297004507
1.064671142369991,1.711524402105577,-0.01376613455083048
1.065171142369991,1.711524402105577,-0.01409460297004507
1.065671142369991,1.711524402105577,-0.01376613455083048
1.066171142369991,1.711524402105577,-0.01409460297004507
1.066671142369991,1.715195509978862,-0.01409460297004507
1.067171142369991,1.715195509978862,-0.01376613455083048
1.067671142369991,1.715195509978862,-0.01376613455083048
1.068171142369991,1.718866617852148,-0.01409460297004507
1.068671142369991,1.718866617852148,-0.01409460297004507
1.069171142369991,1.718866617852148,-0.01376613455083048
1.069671142369991,1.718866617852148,-0.01376613455083048
1.070171142369991,1.718866617852148,-0.01409460297004507
1.070671142369991,1.722537725725434,-0.01376613455083048
1.071171142369991,1.722537725725434,-0.01409460297004507
1.071671142369991,1.722537725725434,-0.01376613455083048
1.072171142369991,1.722537725725434,-0.01409460297004507
1.072671142369991,1.722537725725434,-0.01409460297004507
1.073171142369991,1.722537725725434,-0.01409460297004507
1.073671142369991,1.726208833598719,-0.01409460297004507
1.074171142369991,1.726208833598719,-0.01409460297004507
1.074671142369991,1.726208833598719,-0.01376613455083048
1.075171142369991,1.726208833598719,-0.01409460297004507
1.075671142369991,1.726208833598719,-0.01376613455083048
1.076171142369991,1.729879941472005,-0.01409460297004507
1.076671142369991,1.729879941472005,-0.01376613455083048
1.077171142369991,1.729879941472005,-0.01376613455083048
1.077671142369991,1.729879941472005,-0.01409460297004507
1.078171142369991,1.73355104934529,-0.01376613455083048
1.078671142369991,1.73355104934529,-0.01376613455083048
1.079171142369991,1.73355104934529,-0.01409460297004507
1.079671142369991,1.73355104934529,-0.01376613455083048
1.080171142369991,1.73355104934529,-0.01409460297004507
1.080671142369991,1.737222157218576,-0.01376613455083048
1.081171142369991,1.737222157218576,-0.01409460297004507
1.081671142369991,1.737222157218576,-0.01376613455083048
1.082171142369991,1.737222157218576,-0.01376613455083048
1.082671142369991,1.737222157218576,-0.01376613455083048
1.083171142369991,1.740893265091861,-0.01376613455083048
1.083671142369991,1.740893265091861,-0.01409460297004507
1.084171142369991,1.740893265091861,-0.01376613455083048
1.084671142369991,1.740893265091861,-0.01409460297004507
1.085171142369991,1.740893265091861,-0.01409460297004507
1.085671142369991,1.740893265091861,-0.01376613455083048
1.086171142369991,1.744564372965147,-0.01409460297004507
1.086671142369991,1.744564372965147,-0.01376613455083048
1.087171142369991,1.744564372965147,-0.01409460297004507
1.087671142369991,1.744564372965147,-0.01376613455083048
1.088171142369991,1.748235480838432,-0.01409460297004507
1.088671142369991,1.748235480838432,-0.01376613455083048
1.089171142369991,1.748235480838432,-0.01409460297004507
1.089671142369991,1.748235480838432,-0.01409460297004507
1.090171142369991,1.751906588711718,-0.01376613455083048
1.090671142369991,1.751906588711718,-0.01409460297004507
1.091171142369991,1.751906588711718,-0.01376613455083048
1.091671142369991,1.751906588711718,-0.01409460297004507
1.092171142369991,1.755577696585004,-0.01409460297004507
1.092671142369991,1.755577696585004,-0.01376613455083048
1.093171142369991,1.755577696585004,-0.01409460297004507
1.093671142369991,1.755577696585004,-0.01376613455083048
1.094171142369991,1.755577696585004,-0.01409460297004507
1.094671142369991,1.755577696585004,-0.01409460297004507
1.095171142369991,1.759248804458289,-0.01376613455083048
1.095671142369991,1.759248804458289,-0.01409460297004507
1.096171142369991,1.759248804458289,-0.01376613455083048
1.096671142369991,1.759248804458289,-0.01409460297004507
1.097171142369991,1.762919912331575,-0.01409460297004507
1.097671142369991,1.762919912331575,-0.01376613455083048
1.098171142369991,1.762919912331575,-0.01409460297004507
1.098671142369991,1.762919912331575,-0.01409460297004507
1.099171142369991,1.762919912331575,-0.01409460297004507
1.099671142369991,1.76659102020486,-0.01409460297004507
1.100171142369991,1.76659102020486,-0.01409460297004507
1.100671142369991,1.76659102020486,-0.01409460297004507
1.101171142369991,1.76659102020486,-0.01376613455083048
1.101671142369991,1.770262128078146,-0.01409460297004507
1.102171142369991,1.770262128078146,-0.01376613455083048
1.102671142369991,1.770262128078146,-0.01409460297004507
1.103171142369991,1.770262128078146,-0.01409460297004507
1.103671142369991,1.770262128078146,-0.01409460297004507
1.104171142369991,1.773933235951431,-0.01409460297004507
1.104671142369991,1.773933235951431,-0.01376613455083048
1.105171142369991,1.773933235951431,-0.01376613455083048
1.105671142369991,1.773933235951431,-0.01409460297004507
1.106171142369991,1.777604343824717,-0.01409460297004507
1.106671142369991,1.777604343824717,-0.01409460297004507
1.107171142369991,1.777604343824717,-0.01409460297004507
1.107671142369991,1.777604343824717,-0.01376613455083048
1.108171142369991,1.777604343824717,-0.01409460297004507
1.108671142369991,1.781275451698002,-0.01376613455083048
1.109171142369991,1.781275451698002,-0.01409460297004507
1.109671142369991,1.781275451698002,-0.01409460297004507
1.110171142369991,1.781275451698002,-0.01409460297004507
1.110671142369991,1.784946559571288,-0.01409460297004507
1.111171142369991,1.784946559571288,-0.01376613455083048
1.111671142369991,1.784946559571288,-0.01409460297004507
1.112171142369991,1.784946559571288,-0.01409460297004507
1.112671142369991,1.788617667444574,-0.01376613455083048
1.113171142369991,1.788617667444574,-0.01409460297004507
1.113671142369991,1.788617667444574,-0.01409460297004507
1.114171142369991,1.788617667444574,-0.01409460297004507
1.114671142369991,1.788617667444574,-0.01376613455083048
1.115171142369991,1.792288775317859,-0.01409460297004507
1.115671142369991,1.792288775317859,-0.01376613455083048
1.116171142369991,1.792288775317859,-0.01409460297004507
1.116671142369991,1.792288775317859,-0.01409460297004507
1.117171142369991,1.792288775317859,-0.01409460297004507
1.117671142369991,1.795959883191145,-0.01409460297004507
1.118171142369991,1.795959883191145,-0.01376613455083048
1.118671142369991,1.795959883191145,-0.01409460297004507
1.119171142369991,1.795959883191145,-0.01376613455083048
1.119671142369991,1.79963099106443,-0.01409460297004507
1.120171142369991,1.79963099106443,-0.01376613455083048
1.120671142369991,1.79963099106443,-0.01409460297004507
1.121171142369991,1.79963099106443,-0.01376613455083048
1.121671142369991,1.79963099106443,-0.01409460297004507
1.122171142369991,1.803302098937716,-0.01409460297004507
1.122671142369991,1.803302098937716,-0.01409460297004507
1.123171142369991,1.803302098937716,-0.01409460297004507
1.123671142369991,1.806973206811002,-0.01376613455083048
1.124171142369991,1.806973206811002,-0.01409460297004507
1.124671142369991,1.806973206811002,-0.01409460297004507
1.125171142369991,1.806973206811002,-0.01376613455083048
1.125671142369991,1.806973206811002,-0.01409460297004507
1.126171142369991,1.810644314684287,-0.01409460297004507
1.126671142369991,1.810644314684287,-0.01376613455083048
1.127171142369991,1.810644314684287,-0.01409460297004507
1.127671142369991,1.810644314684287,-0.01376613455083048
1.128171142369991,1.814315422557573,-0.01409460297004507
1.128671142369991,1.814315422557573,-0.01376613455083048
1.129171142369991,1.814315422557573,-0.01409460297004507
1.129671142369991,1.814315422557573,-0.01409460297004507
1.130171142369991,1.814315422557573,-0.01376613455083048
1.130671142369991,1.817986530430858,-0.01409460297004507
1.131171142369991,1.817986530430858,-0.01409460297004507
1.131671142369991,1.817986530430858,-0.01409460297004507
1.132171142369991,1.817986530430858,-0.01409460297004507
1.132671142369991,1.821657638304144,-0.01409460297004507
1.133171142369991,1.821657638304144,-0.01376613455083048
1.133671142369991,1.821657638304144,-0.01409460297004507
1.134171142369991,1.821657638304144,-0.01376613455083048
1.134671142369991,1.821657638304144,-0.01409460297004507
1.135171142369991,1.825328746177429,-0.01376613455083048
1.135671142369991,1.825328746177429,-0.01409460297004507
1.136171142369991,1.825328746177429,-0.01376613455083048
1.136671142369991,1.825328746177429,-0.01409460297004507
1.137171142369991,1.825328746177429,-0.01409460297004507
1.137671142369991,1.828999854050715,-0.01376613455083048
1.138171142369991,1.828999854050715,-0.01409460297004507
1.138671142369991,1.828999854050715,-0.01409460297004507
1.139171142369991,1.828999854050715,-0.01409460297004507
1.139671142369991,1.832670961924,-0.01409460297004507
1.140171142369991,1.828999854050715,-0.01409460297004507
1.140671142369991,1.832670961924,-0.01376613455083048
1.141171142369991,1.832670961924,-0.01409460297004507
1.141671142369991,1.836342069797286,-0.01376613455083048
1.142171142369991,1.836342069797286,-0.01409460297004507
1.142671142369991,1.836342069797286,-0.01409460297004507
1.143171142369991,1.836342069797286,-0.01376613455083048
1.143671142369991,1.836342069797286,-0.01409460297004507
1.144171142369991,1.836342069797286,-0.01376613455083048
1.144671142369991,1.840013177670571,-0.01409460297004507
1.145171142369991,1.840013177670571,-0.01376613455083048
1.145671142369991,1.840013177670571,-0.01376613455083048
1.146171142369991,1.840013177670571,-0.01409460297004507
1.146671142369991,1.843684285543857,-0.01376613455083048
1.147171142369991,1.843684285543857,-0.01409460297004507
1.147671142369991,1.843684285543857,-0.01376613455083048
1.148171142369991,1.843684285543857,-0.01409460297004507
1.148671142369991,1.847355393417143,-0.01376613455083048
1.149171142369991,1.847355393417143,-0.01409460297004507
1.149671142369991,1.847355393417143,-0.01376613455083048
1.150171142369991,1.847355393417143,-0.01409460297004507
1.150671142369991,1.847355393417143,-0.01376613455083048
1.151171142369991,1.851026501290428,-0.01409460297004507
1.151671142369991,1.851026501290428,-0.01409460297004507
1.152171142369991,1.851026501290428,-0.01376613455083048
1.152671142369991,1.851026501290428,-0.01409460297004507
1.153171142369991,1.851026501290428,-0.01376613455083048
1.153671142369991,1.854697609163714,-0.01409460297004507
1.154171142369991,1.854697609163714,-0.01409460297004507
1.154671142369991,1.854697609163714,-0.01409460297004507
1.155171142369991,1.854697609163714,-0.01409460297004507
1.155671142369991,1.858368717036999,-0.01376613455083048
1.156171142369991,1.858368717036999,-0.01409460297004507
1.156671142369991,1.858368717036999,-0.01376613455083048
1.157171142369991,1.858368717036999,-0.01409460297004507
1.157671142369991,1.858368717036999,-0.01409460297004507
1.158171142369991,1.862039824910285,-0.01376613455083048
1.158671142369991,1.862039824910285,-0.01409460297004507
1.159171142369991,1.862039824910285,-0.01376613455083048
1.159671142369991,1.862039824910285,-0.01409460297004507
1.160171142369991,1.862039824910285,-0.01409460297004507
1.160671142369991,1.865710932783571,-0.01409460297004507
1.161171142369991,1.865710932783571,-0.01409460297004507
1.161671142369991,1.865710932783571,-0.01409460297004507
1.162171142369991,1.869382040656856,-0.01409460297004507
1.162671142369991,1.869382040656856,-0.01376613455083048
1.163171142369991,1.869382040656856,-0.01409460297004507
1.163671142369991,1.869382040656856,-0.01376613455083048
1.164171142369991,1.873053148530142,-0.01409460297004507
1.164671142369991,1.873053148530142,-0.01409460297004507
1.165171142369991,1.873053148530142,-0.01376613455083048
1.165671142369991,1.873053148530142,-0.01409460297004507
1.166171142369991,1.873053148530142,-0.01376613455083048
1.166671142369991,1.876724256403427,-0.01376613455083048
1.167171142369991,1.876724256403427,-0.01409460297004507
1.167671142369991,1.876724256403427,-0.01376613455083048
1.168171142369991,1.876724256403427,-0.01409460297004507
1.168671142369991,1.876724256403427,-0.01409460297004507
1.169171142369991,1.880395364276713,-0.01376613455083048
1.169671142369991,1.880395364276713,-0.01409460297004507
1.170171142369991,1.880395364276713,-0.01376613455083048
1.170671142369991,1.880395364276713,-0.01409460297004507
1.171171142369991,1.880395364276713,-0.01409460297004507
1.171671142369991,1.884066472149998,-0.01409460297004507
1.172171142369991,1.884066472149998,-0.01409460297004507
1.172671142369991,1.884066472149998,-0.01376613455083048
1.173171142369991,1.884066472149998,-0.01409460297004507
1.173671142369991,1.887737580023284,-0.01409460297004507
1.174171142369991,1.887737580023284,-0.01409460297004507
1.174671142369991,1.887737580023284,-0.01409460297004507
1.175171142369991,1.887737580023284,-0.01376613455083048
1.175671142369991,1.891408687896569,-0.01409460297004507
1.176171142369991,1.891408687896569,-0.01376613455083048
1.176671142369991,1.891408687896569,-0.01409460297004507
1.177171142369991,1.891408687896569,-0.01376613455083048
1.177671142369991,1.891408687896569,-0.01409460297004507
1.178171142369991,1.895079795769855,-0.01409460297004507
1.178671142369991,1.895079795769855,-0.01376613455083048
1.179171142369991,1.895079795769855,-0.01409460297004507
1.179671142369991,1.895079795769855,-0.01376613455083048
1.180171142369991,1.898750903643141,-0.01409460297004507
1.180671142369991,1.898750903643141,-0.01409460297004507
1.181171142369991,1.898750903643141,-0.01376613455083048
1.181671142369991,1.898750903643141,-0.01409460297004507
1.182171142369991,1.898750903643141,-0.01376613455083048
1.182671142369991,1.902422011516426,-0.01409460297004507
1.183171142369991,1.902422011516426,-0.01376613455083048
1.183671142369991,1.902422011516426,-0.01409460297004507
1.184171142369991,1.906093119389712,-0.01409460297004507
1.184671142369991,1.906093119389712,-0.01409460297004507
1.185171142369991,1.906093119389712,-0.01409460297004507
1.185671142369991,1.906093119389712,-0.01376613455083048
1.186171142369991,1.906093119389712,-0.01409460297004507
1.186671142369991,1.909764227262997,-0.01376613455083048
1.187171142369991,1.909764227262997,-0.01376613455083048
1.187671142369991,1.909764227262997,-0.01409460297004507
1.188171142369991,1.913435335136283,-0.01376613455083048
1.188671142369991,1.913435335136283,-0.01409460297004507
1.189171142369991,1.913435335136283,-0.01376613455083048
1.189671142369991,1.913435335136283,-0.01376613455083048
1.190171142369991,1.913435335136283,-0.01409460297004507
1.190671142369991,1.913435335136283,-0.01376613455083048
1.191171142369991,1.917106443009568,-0.01409460297004507
1.191671142369991,1.917106443009568,-0.01409460297004507
1.192171142369991,1.920777550882854,-0.01376613455083048
1.192671142369991,1.920777550882854,-0.01409460297004507
1.193171142369991,1.920777550882854,-0.01409460297004507
1.193671142369991,1.920777550882854,-0.01409460297004507
1.194171142369991,1.920777550882854,-0.01376613455083048
1.194671142369991,1.92444865875614,-0.01409460297004507
1.195171142369991,1.92444865875614,-0.01376613455083048
1.195671142369991,1.92444865875614,-0.01409460297004507
1.196171142369991,1.92444865875614,-0.01409460297004507
1.196671142369991,1.92444865875614,-0.01409460297004507
1.197171142369991,1.928119766629425,-0.01409460297004507
1.197671142369991,1.928119766629425,-0.01409460297004507
1.198171142369991,1.928119766629425,-0.01409460297004507
1.198671142369991,1.928119766629425,-0.01409460297004507
1.199171142369991,1.931790874502711,-0.01409460297004507
1.199671142369991,1.931790874502711,-0.01409460297004507
1.200171142369991,1.931790874502711,-0.01409460297004507
1.200671142369991,1.931790874502711,-0.01376613455083048
1.201171142369991,1.931790874502711,-0.01409460297004507
1.201671142369991,1.931790874502711,-0.01376613455083048
1.202171142369991,1.935461982375996,-0.01376613455083048
1.202671142369991,1.935461982375996,-0.01409460297004507
1.203171142369991,1.935461982375996,-0.01376613455083048
1.203671142369991,1.935461982375996,-0.01409460297004507
1.204171142369991,1.935461982375996,-0.01376613455083048
1.204671142369991,1.939133090249282,-0.01409460297004507
1.205171142369991,1.939133090249282,-0.01376613455083048
1.205671142369991,1.939133090249282,-0.01376613455083048
1.206171142369991,1.939133090249282,-0.01409460297004507
1.206671142369991,1.939133090249282,-0.01376613455083048
1.207171142369991,1.942804198122567,-0.01409460297004507
1.207671142369991,1.942804198122567,-0.01376613455083048
1.208171142369991,1.942804198122567,-0.01409460297004507
1.208671142369991,1.942804198122567,-0.01376613455083048
1.209171142369991,1.946475305995853,-0.01409460297004507
1.209671142369991,1.946475305995853,-0.01376613455083048
1.210171142369991,1.946475305995853,-0.01409460297004507
1.210671142369991,1.946475305995853,-0.01376613455083048
1.211171142369991,1.946475305995853,-0.01376613455083048
1.211671142369991,1.950146413869138,-0.01376613455083048
1.212171142369991,1.950146413869138,-0.01409460297004507
1.212671142369991,1.950146413869138,-0.01376613455083048
1.213171142369991,1.950146413869138,-0.01376613455083048
1.213671142369991,1.950146413869138,-0.01409460297004507
1.214171142369991,1.953817521742424,-0.01409460297004507
1.214671142369991,1.953817521742424,-0.01376613455083048
1.215171142369991,1.953817521742424,-0.01409460297004507
1.215671142369991,1.953817521742424,-0.01376613455083048
1.216171142369991,1.95748862961571,-0.01409460297004507
1.216671142369991,1.95748862961571,-0.01376613455083048
1.217171142369991,1.95748862961571,-0.01409460297004507
1.217671142369991,1.95748862961571,-0.01409460297004507
1.218171142369991,1.95748862961571,-0.01376613455083048
1.218671142369991,1.95748862961571,-0.01409460297004507
1.219171142369991,1.961159737488995,-0.01376613455083048
1.219671142369991,1.961159737488995,-0.01409460297004507
1.220171142369991,1.961159737488995,-0.01376613455083048
1.220671142369991,1.961159737488995,-0.01409460297004507
1.221171142369991,1.964830845362281,-0.01376613455083048
1.221671142369991,1.964830845362281,-0.01409460297004507
1.222171142369991,1.964830845362281,-0.01409460297004507
1.222671142369991,1.964830845362281,-0.01376613455083048
1.223171142369991,1.964830845362281,-0.01409460297004507
1.223671142369991,1.964830845362281,-0.01376613455083048
1.224171142369991,1.968501953235566,-0.01409460297004507
1.224671142369991,1.968501953235566,-0.01409460297004507
1.225171142369991,1.968501953235566,-0.01376613455083048
1.225671142369991,1.968501953235566,-0.01376613455083048
1.226171142369991,1.968501953235566,-0.01376613455083048
1.226671142369991,1.972173061108852,-0.01409460297004507
1.227171142369991,1.972173061108852,-0.01376613455083048
1.227671142369991,1.972173061108852,-0.01376613455083048
1.228171142369991,1.972173061108852,-0.01409460297004507
1.228671142369991,1.975844168982137,-0.01376613455083048
1.229171142369991,1.975844168982137,-0.01409460297004507
1.229671142369991,1.975844168982137,-0.01409460297004507
1.230171142369991,1.975844168982137,-0.01376613455083048
1.230671142369991,1.979515276855423,-0.01409460297004507
1.231171142369991,1.979515276855423,-0.01409460297004507
1.231671142369991,1.979515276855423,-0.01376613455083048
1.232171142369991,1.979515276855423,-0.01409460297004507
1.232671142369991,1.979515276855423,-0.01376613455083048
1.233171142369991,1.983186384728709,-0.01409460297004507
1.233671142369991,1.983186384728709,-0.01409460297004507
1.234171142369991,1.983186384728709,-0.01376613455083048
1.234671142369991,1.983186384728709,-0.01409460297004507
1.235171142369991,1.983186384728709,-0.01409460297004507
1.235671142369991,1.986857492601994,-0.01376613455083048
1.236171142369991,1.986857492601994,-0.01409460297004507
1.236671142369991,1.986857492601994,-0.01409460297004507
1.237171142369991,1.986857492601994,-0.01409460297004507
1.237671142369991,1.99052860047528,-0.01409460297004507
1.238171142369991,1.99052860047528,-0.01376613455083048
1.238671142369991,1.99052860047528,-0.01409460297004507
1.239171142369991,1.99052860047528,-0.01376613455083048
1.239671142369991,1.99052860047528,-0.01409460297004507
1.240171142369991,1.994199708348565,-0.01409460297004507
1.240671142369991,1.994199708348565,-0.01376613455083048
1.241171142369991,1.994199708348565,-0.01409460297004507
1.241671142369991,1.994199708348565,-0.01376613455083048
1.242171142369991,1.997870816221851,-0.01409460297004507
1.242671142369991,1.997870816221851,-0.01409460297004507
1.243171142369991,1.997870816221851,-0.01376613455083048
1.243671142369991,1.997870816221851,-0.01409460297004507
1.244171142369991,1.997870816221851,-0.01376613455083048
1.244671142369991,2.001541924095136,-0.01409460297004507
1.245171142369991,2.001541924095136,-0.01376613455083048
1.245671142369991,2.001541924095136,-0.01409460297004507
1.246171142369991,2.001541924095136,-0.01376613455083048
1.246671142369991,2.005213031968422,-0.01409460297004507
1.247171142369991,2.005213031968422,-0.01376613455083048
1.247671142369991,2.005213031968422,-0.01409460297004507
1.248171142369991,2.005213031968422,-0.01409460297004507
1.248671142369991,2.008884139841708,-0.01409460297004507
1.249171142369991,2.008884139841708,-0.01409460297004507
1.249671142369991,2.008884139841708,-0.01376613455083048
1.250171142369991,2.008884139841708,-0.01409460297004507
1.250671142369991,2.008884139841708,-0.01376613455083048
1.251171142369991,2.012555247714993,-0.01376613455083048
1.251671142369991,2.012555247714993,-0.01409460297004507
1.252171142369991,2.012555247714993,-0.01376613455083048
1.252671142369991,2.012555247714993,-0.01409460297004507
1.253171142369991,2.012555247714993,-0.01376613455083048
1.253671142369991,2.016226355588278,-0.01409460297004507
1.254171142369991,2.016226355588278,-0.01376613455083048
1.254671142369991,2.016226355588278,-0.01409460297004507
1.255171142369991,2.016226355588278,-0.01409460297004507
1.255671142369991,2.019897463461564,-0.01409460297004507
1.256171142369991,2.019897463461564,-0.01409460297004507
1.256671142369991,2.019897463461564,-0.01376613455083048
1.257171142369991,2.019897463461564,-0.01409460297004507
1.257671142369991,2.019897463461564,-0.01376613455083048
1.258171142369991,2.019897463461564,-0.01376613455083048
1.258671142369991,2.02356857133485,-0.01376613455083048
1.259171142369991,2.02356857133485,-0.01409460297004507
1.259671142369991,2.02356857133485,-0.01376613455083048
1.260171142369991,2.027239679208135,-0.01409460297004507
1.260671142369991,2.027239679208135,-0.01376613455083048
1.261171142369991,2.027239679208135,-0.01409460297004507
1.261671142369991,2.027239679208135,-0.01409460297004507
1.262171142369991,2.027239679208135,-0.01376613455083048
1.262671142369991,2.027239679208135,-0.01409460297004507
1.263171142369991,2.030910787081421,-0.01409460297004507
1.263671142369991,2.030910787081421,-0.01376613455083048
1.264171142369991,2.030910787081421,-0.01409460297004507
1.264671142369991,2.034581894954707,-0.01376613455083048
1.265171142369991,2.034581894954707,-0.01376613455083048
1.265671142369991,2.034581894954707,-0.01409460297004507
1.266171142369991,2.034581894954707,-0.01376613455083048
1.266671142369991,2.038253002827992,-0.01376613455083048
1.267171142369991,2.038253002827992,-0.01376613455083048
1.267671142369991,2.038253002827992,-0.01376613455083048
1.268171142369991,2.038253002827992,-0.01376613455083048
1.268671142369991,2.038253002827992,-0.01409460297004507
1.269171142369991,2.041924110701278,-0.01376613455083048
1.269671142369991,2.041924110701278,-0.01409460297004507
1.270171142369991,2.041924110701278,-0.01376613455083048
1.270671142369991,2.041924110701278,-0.01376613455083048
1.271171142369991,2.045595218574563,-0.01409460297004507
1.271671142369991,2.045595218574563,-0.01376613455083048
1.272171142369991,2.045595218574563,-0.01409460297004507
1.272671142369991,2.045595218574563,-0.01376613455083048
1.273171142369991,2.049266326447849,-0.01409460297004507
1.273671142369991,2.049266326447849,-0.01376613455083048
1.274171142369991,2.049266326447849,-0.01409460297004507
1.274671142369991,2.049266326447849,-0.01376613455083048
1.275171142369991,2.049266326447849,-0.01409460297004507
1.275671142369991,2.049266326447849,-0.01409460297004507
1.276171142369991,2.052937434321134,-0.01376613455083048
1.276671142369991,2.052937434321134,-0.01409460297004507
1.277171142369991,2.052937434321134,-0.01409460297004507
1.277671142369991,2.05660854219442,-0.01409460297004507
1.278171142369991,2.05660854219442,-0.01409460297004507
1.278671142369991,2.05660854219442,-0.01376613455083048
1.279171142369991,2.05660854219442,-0.01409460297004507
1.279671142369991,2.05660854219442,-0.01409460297004507
1.280171142369991,2.060279650067705,-0.01376613455083048
1.280671142369991,2.060279650067705,-0.01409460297004507
1.281171142369991,2.060279650067705,-0.01376613455083048
1.281671142369991,2.060279650067705,-0.01409460297004507
1.282171142369991,2.060279650067705,-0.01409460297004507
1.282671142369991,2.063950757940991,-0.01376613455083048
1.283171142369991,2.063950757940991,-0.01409460297004507
1.283671142369991,2.063950757940991,-0.01376613455083048
1.284171142369991,2.063950757940991,-0.01376613455083048
1.284671142369991,2.067621865814277,-0.01409460297004507
1.285171142369991,2.067621865814277,-0.01376613455083048
1.285671142369991,2.067621865814277,-0.01409460297004507
1.286171142369991,2.067621865814277,-0.01409460297004507
1.286671142369991,2.067621865814277,-0.01376613455083048
1.287171142369991,2.071292973687562,-0.01409460297004507
1.287671142369991,2.071292973687562,-0.01376613455083048
1.288171142369991,2.071292973687562,-0.01376613455083048
1.288671142369991,2.071292973687562,-0.01409460297004507
1.289171142369991,2.074964081560847,-0.01376613455083048
1.289671142369991,2.074964081560847,-0.01409460297004507
1.290171142369991,2.074964081560847,-0.01376613455083048
1.290671142369991,2.074964081560847,-0.01409460297004507
1.291171142369991,2.074964081560847,-0.01376613455083048
1.291671142369991,2.078635189434133,-0.01409460297004507
1.292171142369991,2.078635189434133,-0.01376613455083048
1.292671142369991,2.078635189434133,-0.01409460297004507
1.293171142369991,2.078635189434133,-0.01409460297004507
1.293671142369991,2.078635189434133,-0.01376613455083048
1.294171142369991,2.082306297307419,-0.01409460297004507
1.294671142369991,2.082306297307419,-0.01376613455083048
1.295171142369991,2.082306297307419,-0.01409460297004507
1.295671142369991,2.082306297307419,-0.01409460297004507
1.296171142369991,2.085977405180704,-0.01376613455083048
1.296671142369991,2.085977405180704,-0.01409460297004507
1.297171142369991,2.085977405180704,-0.01409460297004507
1.297671142369991,2.08964851305399,-0.01376613455083048
1.298171142369991,2.08964851305399,-0.01409460297004507
1.298671142369991,2.08964851305399,-0.01376613455083048
1.299171142369991,2.08964851305399,-0.01409460297004507
1.299671142369991,2.08964851305399,-0.01409460297004507
1.300171142369991,2.08964851305399,-0.01376613455083048
1.300671142369991,2.093319620927276,-0.01409460297004507
1.301171142369991,2.093319620927276,-0.01409460297004507
1.301671142369991,2.093319620927276,-0.01376613455083048
1.302171142369991,2.096990728800561,-0.01409460297004507
1.302671142369991,2.096990728800561,-0.01376613455083048
1.303171142369991,2.096990728800561,-0.01376613455083048
1.303671142369991,2.096990728800561,-0.01409460297004507
1.304171142369991,2.096990728800561,-0.01376613455083048
1.304671142369991,2.100661836673847,-0.01409460297004507
1.305171142369991,2.100661836673847,-0.01376613455083048
1.305671142369991,2.100661836673847,-0.01409460297004507
1.306171142369991,2.100661836673847,-0.01376613455083048
1.306671142369991,2.100661836673847,-0.01409460297004507
1.307171142369991,2.104332944547132,-0.01409460297004507
1.307671142369991,2.104332944547132,-0.01376613455083048
1.308171142369991,2.104332944547132,-0.01409460297004507
1.308671142369991,2.104332944547132,-0.01376613455083048
1.309171142369991,2.108004052420418,-0.01409460297004507
1.309671142369991,2.108004052420418,-0.01409460297004507
1.310171142369991,2.108004052420418,-0.01376613455083048
1.310671142369991,2.108004052420418,-0.01409460297004507
1.311171142369991,2.111675160293703,-0.01376613455083048
1.311671142369991,2.111675160293703,-0.01409460297004507
1.312171142369991,2.111675160293703,-0.01409460297004507
1.312671142369991,2.111675160293703,-0.01409460297004507
1.313171142369991,2.115346268166989,-0.01409460297004507
1.313671142369991,2.115346268166989,-0.01376613455083048
1.314171142369991,2.115346268166989,-0.01409460297004507
1.314671142369991,2.115346268166989,-0.01376613455083048
1.315171142369991,2.115346268166989,-0.01409460297004507
1.315671142369991,2.119017376040274,-0.01409460297004507
1.316171142369991,2.119017376040274,-0.01376613455083048
1.316671142369991,2.119017376040274,-0.01376613455083048
1.317171142369991,2.119017376040274,-0.01409460297004507
1.317671142369991,2.119017376040274,-0.01409460297004507
1.318171142369991,2.12268848391356,-0.01376613455083048
1.318671142369991,2.12268848391356,-0.01409460297004507
1.319171142369991,2.12268848391356,-0.01409460297004507
1.319671142369991,2.126359591786846,-0.01409460297004507
1.320171142369991,2.126359591786846,-0.01409460297004507
1.320671142369991,2.126359591786846,-0.01409460297004507
1.321171142369991,2.126359591786846,-0.01409460297004507
1.321671142369991,2.126359591786846,-0.01376613455083048
1.322171142369991,2.130030699660131,-0.01409460297004507
1.322671142369991,2.130030699660131,-0.01409460297004507
1.323171142369991,2.130030699660131,-0.01409460297004507
1.323671142369991,2.130030699660131,-0.01409460297004507
1.324171142369991,2.133701807533417,-0.01409460297004507
1.324671142369991,2.133701807533417,-0.01409460297004507
1.325171142369991,2.133701807533417,-0.01376613455083048
1.325671142369991,2.133701807533417,-0.01409460297004507
1.326171142369991,2.137372915406702,-0.01409460297004507
1.326671142369991,2.137372915406702,-0.01376613455083048
1.327171142369991,2.137372915406702,-0.01409460297004507
1.327671142369991,2.137372915406702,-0.01409460297004507
1.328171142369991,2.141044023279988,-0.01376613455083048
1.328671142369991,2.141044023279988,-0.01409460297004507
1.329171142369991,2.141044023279988,-0.01376613455083048
1.329671142369991,2.141044023279988,-0.01409460297004507
1.330171142369991,2.141044023279988,-0.01376613455083048
1.330671142369991,2.144715131153273,-0.01409460297004507
1.331171142369991,2.144715131153273,-0.01409460297004507
1.331671142369991,2.144715131153273,-0.01409460297004507
1.332171142369991,2.144715131153273,-0.01409460297004507
1.332671142369991,2.148386239026559,-0.01376613455083048
1.333171142369991,2.148386239026559,-0.01409460297004507
1.333671142369991,2.148386239026559,-0.01409460297004507
1.334171142369991,2.148386239026559,-0.01409460297004507
1.334671142369991,2.148386239026559,-0.01409460297004507
1.335171142369991,2.152057346899845,-0.01376613455083048
1.335671142369991,2.152057346899845,-0.01409460297004507
1.336171142369991,2.152057346899845,-0.01376613455083048
1.336671142369991,2.152057346899845,-0.01409460297004507
1.337171142369991,2.152057346899845,-0.01409460297004507
1.337671142369991,2.15572845477313,-0.01409460297004507
1.338171142369991,2.15572845477313,-0.01409460297004507
1.338671142369991,2.15572845477313,-0.01376613455083048
1.339171142369991,2.15572845477313,-0.01409460297004507
1.339671142369991,2.159399562646416,-0.01376613455083048
1.340171142369991,2.159399562646416,-0.01409460297004507
1.340671142369991,2.159399562646416,-0.01409460297004507
1.341171142369991,2.159399562646416,-0.01376613455083048
1.341671142369991,2.163070670519701,-0.01409460297004507
1.342171142369991,2.163070670519701,-0.01409460297004507
1.342671142369991,2.163070670519701,-0.01376613455083048
1.343171142369991,2.163070670519701,-0.01409460297004507
1.343671142369991,2.163070670519701,-0.01376613455083048
1.344171142369991,2.163070670519701,-0.01409460297004507
1.344671142369991,2.166741778392987,-0.01376613455083048
1.345171142369991,2.166741778392987,-0.01409460297004507
1.345671142369991,2.166741778392987,-0.01376613455083048
1.346171142369991,2.170412886266272,-0.01409460297004507
1.346671142369991,2.170412886266272,-0.01409460297004507
1.347171142369991,2.170412886266272,-0.01376613455083048
1.347671142369991,2.170412886266272,-0.01376613455083048
1.348171142369991,2.170412886266272,-0.01376613455083048
1.348671142369991,2.174083994139558,-0.01409460297004507
1.349171142369991,2.174083994139558,-0.01409460297004507
1.349671142369991,2.174083994139558,-0.01376613455083048
1.350171142369991,2.174083994139558,-0.01409460297004507
1.350671142369991,2.177755102012843,-0.01376613455083048
1.351171142369991,2.177755102012843,-0.01409460297004507
1.351671142369991,2.177755102012843,-0.01376613455083048
1.352171142369991,2.177755102012843,-0.01409460297004507
1.352671142369991,2.181426209886129,-0.01376613455083048
1.353171142369991,2.181426209886129,-0.01376613455083048
1.353671142369991,2.181426209886129,-0.01409460297004507
1.354171142369991,2.181426209886129,-0.01376613455083048
1.354671142369991,2.181426209886129,-0.01376613455083048
1.355171142369991,2.185097317759415,-0.01376613455083048
1.355671142369991,2.185097317759415,-0.01376613455083048
1.356171142369991,2.185097317759415,-0.01376613455083048
1.356671142369991,2.185097317759415,-0.01376613455083048
1.357171142369991,2.185097317759415,-0.01409460297004507
1.357671142369991,2.185097317759415,-0.01376613455083048
1.358171142369991,2.1887684256327,-0.01376613455083048
1.358671142369991,2.1887684256327,-0.01409460297004507
1.359171142369991,2.1887684256327,-0.01376613455083048
1.359671142369991,2.1887684256327,-0.01376613455083048
1.360171142369991,2.192439533505986,-0.01376613455083048
1.360671142369991,2.192439533505986,-0.01376613455083048
1.361171142369991,2.192439533505986,-0.01376613455083048
1.361671142369991,2.192439533505986,-0.01376613455083048
1.362171142369991,2.192439533505986,-0.01376613455083048
1.362671142369991,2.196110641379271,-0.01376613455083048
1.363171142369991,2.196110641379271,-0.01376613455083048
1.363671142369991,2.196110641379271,-0.01409460297004507
1.364171142369991,2.196110641379271,-0.01376613455083048
1.364671142369991,2.196110641379271,-0.01409460297004507
1.365171142369991,2.199781749252557,-0.01376613455083048
1.365671142369991,2.199781749252557,-0.01376613455083048
1.366171142369991,2.199781749252557,-0.01409460297004507
1.366671142369991,2.199781749252557,-0.01376613455083048
1.367171142369991,2.199781749252557,-0.01409460297004507
1.367671142369991,2.203452857125842,-0.01376613455083048
1.368171142369991,2.203452857125842,-0.01409460297004507
1.368671142369991,2.203452857125842,-0.01376613455083048
1.369171142369991,2.203452857125842,-0.01376613455083048
1.369671142369991,2.203452857125842,-0.01409460297004507
1.370171142369991,2.207123964999128,-0.01376613455083048
1.370671142369991,2.207123964999128,-0.01409460297004507
1.371171142369991,2.207123964999128,-0.01376613455083048
1.371671142369991,2.207123964999128,-0.01409460297004507
1.372171142369991,2.210795072872414,-0.01376613455083048
1.372671142369991,2.210795072872414,-0.01409460297004507
1.373171142369991,2.210795072872414,-0.01409460297004507
1.373671142369991,2.210795072872414,-0.01409460297004507
1.374171142369991,2.210795072872414,-0.01409460297004507
1.374671142369991,2.214466180745699,-0.01376613455083048
1.375171142369991,2.214466180745699,-0.01409460297004507
1.375671142369991,2.214466180745699,-0.01376613455083048
1.376171142369991,2.214466180745699,-0.01409460297004507
1.376671142369991,2.214466180745699,-0.01409460297004507
1.377171142369991,2.218137288618985,-0.01409460297004507
1.377671142369991,2.218137288618985,-0.01409460297004507
1.378171142369991,2.218137288618985,-0.01376613455083048
1.378671142369991,2.218137288618985,-0.01409460297004507
1.379171142369991,2.218137288618985,-0.01409460297004507
1.379671142369991,2.22180839649227,-0.01409460297004507
1.380171142369991,2.22180839649227,-0.01409460297004507
1.380671142369991,2.22180839649227,-0.01409460297004507
1.381171142369991,2.22180839649227,-0.01409460297004507
1.381671142369991,2.225479504365556,-0.01409460297004507
1.382171142369991,2.225479504365556,-0.01409460297004507
1.382671142369991,2.225479504365556,-0.01409460297004507
1.383171142369991,2.225479504365556,-0.01409460297004507
1.383671142369991,2.225479504365556,-0.01409460297004507
1.384171142369991,2.229150612238841,-0.01376613455083048
1.384671142369991,2.229150612238841,-0.01409460297004507
1.385171142369991,2.229150612238841,-0.01409460297004507
1.385671142369991,2.229150612238841,-0.01409460297004507
1.386171142369991,2.232821720112127,-0.01409460297004507
1.386671142369991,2.232821720112127,-0.01376613455083048
1.387171142369991,2.232821720112127,-0.01409460297004507
1.387671142369991,2.232821720112127,-0.01409460297004507
1.388171142369991,2.232821720112127,-0.01409460297004507
1.388671142369991,2.236492827985412,-0.01409460297004507
1.389171142369991,2.236492827985412,-0.01409460297004507
1.389671142369991,2.236492827985412,-0.01409460297004507
1.390171142369991,2.236492827985412,-0.01409460297004507
1.390671142369991,2.236492827985412,-0.01409460297004507
1.391171142369991,2.240163935858698,-0.01376613455083048
1.391671142369991,2.240163935858698,-0.01409460297004507
1.392171142369991,2.240163935858698,-0.01376613455083048
1.392671142369991,2.243835043731984,-0.01409460297004507
1.393171142369991,2.243835043731984,-0.01376613455083048
1.393671142369991,2.243835043731984,-0.01409460297004507
1.394171142369991,2.243835043731984,-0.01409460297004507
1.394671142369991,2.243835043731984,-0.01409460297004507
1.395171142369991,2.243835043731984,-0.01409460297004507
1.395671142369991,2.247506151605269,-0.01409460297004507
1.396171142369991,2.247506151605269,-0.01409460297004507
1.396671142369991,2.247506151605269,-0.01409460297004507
1.397171142369991,2.247506151605269,-0.01409460297004507
1.397671142369991,2.247506151605269,-0.01409460297004507
1.398171142369991,2.251177259478555,-0.01409460297004507
1.398671142369991,2.251177259478555,-0.01376613455083048
1.399171142369991,2.251177259478555,-0.01409460297004507
1.399671142369991,2.251177259478555,-0.01409460297004507
1.400171142369991,2.25484836735184,-0.01409460297004507
1.400671142369991,2.25484836735184,-0.01409460297004507
1.401171142369991,2.25484836735184,-0.01409460297004507
1.401671142369991,2.25484836735184,-0.01409460297004507
1.402171142369991,2.25484836735184,-0.01409460297004507
1.402671142369991,2.258519475225126,-0.01409460297004507
1.403171142369991,2.258519475225126,-0.01409460297004507
1.403671142369991,2.258519475225126,-0.01409460297004507
1.404171142369991,2.258519475225126,-0.01409460297004507
1.404671142369991,2.262190583098411,-0.01376613455083048
1.405171142369991,2.262190583098411,-0.01409460297004507
1.405671142369991,2.262190583098411,-0.01409460297004507
1.406171142369991,2.262190583098411,-0.01409460297004507
1.406671142369991,2.265861690971697,-0.01409460297004507
1.407171142369991,2.265861690971697,-0.01376613455083048
1.407671142369991,2.265861690971697,-0.01409460297004507
1.408171142369991,2.265861690971697,-0.01409460297004507
1.408671142369991,2.269532798844982,-0.01409460297004507
1.409171142369991,2.269532798844982,-0.01409460297004507
1.409671142369991,2.269532798844982,-0.01376613455083048
1.410171142369991,2.269532798844982,-0.01409460297004507
1.410671142369991,2.273203906718268,-0.01409460297004507
1.411171142369991,2.273203906718268,-0.01409460297004507
1.411671142369991,2.273203906718268,-0.01409460297004507
1.412171142369991,2.273203906718268,-0.01376613455083048
1.412671142369991,2.273203906718268,-0.01409460297004507
1.413171142369991,2.276875014591554,-0.01376613455083048
1.413671142369991,2.276875014591554,-0.01409460297004507
1.414171142369991,2.276875014591554,-0.01409460297004507
1.414671142369991,2.276875014591554,-0.01409460297004507
1.415171142369991,2.276875014591554,-0.01409460297004507
1.415671142369991,2.276875014591554,-0.01409460297004507
1.416171142369991,2.280546122464839,-0.01409460297004507
1.416671142369991,2.280546122464839,-0.01409460297004507
1.417171142369991,2.280546122464839,-0.01409460297004507
1.417671142369991,2.284217230338125,-0.01409460297004507
1.418171142369991,2.284217230338125,-0.01409460297004507
1.418671142369991,2.284217230338125,-0.01409460297004507
1.419171142369991,2.284217230338125,-0.01409460297004507
1.419671142369991,2.284217230338125,-0.01409460297004507
1.420171142369991,2.28788833821141,-0.01409460297004507
1.420671142369991,2.28788833821141,-0.01376613455083048
1.421171142369991,2.28788833821141,-0.01409460297004507
1.421671142369991,2.28788833821141,-0.01409460297004507
1.422171142369991,2.28788833821141,-0.01409460297004507
1.422671142369991,2.291559446084696,-0.01409460297004507
1.423171142369991,2.291559446084696,-0.01409460297004507
1.423671142369991,2.291559446084696,-0.01409460297004507
1.424171142369991,2.291559446084696,-0.01409460297004507
1.424671142369991,2.295230553957981,-0.01409460297004507
1.425171142369991,2.295230553957981,-0.01409460297004507
1.425671142369991,2.295230553957981,-0.01376613455083048
1.426171142369991,2.295230553957981,-0.01409460297004507
1.426671142369991,2.298901661831267,-0.01409460297004507
1.427171142369991,2.298901661831267,-0.01409460297004507
1.427671142369991,2.298901661831267,-0.01409460297004507
1.428171142369991,2.298901661831267,-0.01376613455083048
1.428671142369991,2.298901661831267,-0.01409460297004507
1.429171142369991,2.302572769704553,-0.01409460297004507
1.429671142369991,2.302572769704553,-0.01376613455083048
1.430171142369991,2.302572769704553,-0.01409460297004507
1.430671142369991,2.302572769704553,-0.01409460297004507
1.431171142369991,2.302572769704553,-0.01409460297004507
1.431671142369991,2.306243877577838,-0.01376613455083048
1.432171142369991,2.306243877577838,-0.01409460297004507
1.432671142369991,2.306243877577838,-0.01409460297004507
1.433171142369991,2.306243877577838,-0.01409460297004507
1.433671142369991,2.309914985451124,-0.01409460297004507
1.434171142369991,2.309914985451124,-0.01409460297004507
1.434671142369991,2.309914985451124,-0.01409460297004507
1.435171142369991,2.309914985451124,-0.01376613455083048
1.435671142369991,2.313586093324409,-0.01409460297004507
1.436171142369991,2.313586093324409,-0.01376613455083048
1.436671142369991,2.313586093324409,-0.01409460297004507
1.437171142369991,2.313586093324409,-0.01409460297004507
1.437671142369991,2.313586093324409,-0.01409460297004507
1.438171142369991,2.313586093324409,-0.01409460297004507
1.438671142369991,2.317257201197695,-0.01409460297004507
1.439171142369991,2.317257201197695,-0.01409460297004507
1.439671142369991,2.317257201197695,-0.01409460297004507
1.440171142369991,2.317257201197695,-0.01409460297004507
1.440671142369991,2.32092830907098,-0.01376613455083048
1.441171142369991,2.32092830907098,-0.01409460297004507
1.441671142369991,2.32092830907098,-0.01376613455083048
1.442171142369991,2.32092830907098,-0.01409460297004507
1.442671142369991,2.32092830907098,-0.01409460297004507
1.443171142369991,2.324599416944266,-0.01409460297004507
1.443671142369991,2.324599416944266,-0.01409460297004507
1.444171142369991,2.324599416944266,-0.01409460297004507
1.444671142369991,2.324599416944266,-0.01409460297004507
1.445171142369991,2.328270524817551,-0.01409460297004507
1.445671142369991,2.328270524817551,-0.01409460297004507
1.446171142369991,2.328270524817551,-0.01376613455083048
1.446671142369991,2.331941632690837,-0.01376613455083048
1.447171142369991,2.331941632690837,-0.01409460297004507
1.447671142369991,2.331941632690837,-0.01376613455083048
1.448171142369991,2.331941632690837,-0.01409460297004507
1.448671142369991,2.331941632690837,-0.01409460297004507
1.449171142369991,2.335612740564123,-0.01409460297004507
1.449671142369991,2.335612740564123,-0.01409460297004507
1.450171142369991,2.335612740564123,-0.01376613455083048
1.450671142369991,2.335612740564123,-0.01409460297004507
1.451171142369991,2.339283848437408,-0.01409460297004507
1.451671142369991,2.339283848437408,-0.01409460297004507
1.452171142369991,2.339283848437408,-0.01409460297004507
1.452671142369991,2.339283848437408,-0.01409460297004507
1.453171142369991,2.339283848437408,-0.01409460297004507
1.453671142369991,2.342954956310694,-0.01409460297004507
1.454171142369991,2.342954956310694,-0.01409460297004507
1.454671142369991,2.342954956310694,-0.01376613455083048
1.455171142369991,2.342954956310694,-0.01409460297004507
1.455671142369991,2.342954956310694,-0.01409460297004507
1.456171142369991,2.342954956310694,-0.01409460297004507
1.456671142369991,2.346626064183979,-0.01409460297004507
1.457171142369991,2.346626064183979,-0.01409460297004507
1.457671142369991,2.346626064183979,-0.01409460297004507
1.458171142369991,2.350297172057265,-0.01376613455083048
1.458671142369991,2.350297172057265,-0.01409460297004507
1.459171142369991,2.350297172057265,-0.01409460297004507
1.459671142369991,2.350297172057265,-0.01409460297004507
1.460171142369991,2.35396827993055,-0.01409460297004507
1.460671142369991,2.35396827993055,-0.01409460297004507
1.461171142369991,2.35396827993055,-0.01409460297004507
1.461671142369991,2.35396827993055,-0.01409460297004507
1.462171142369991,2.357639387803836,-0.01409460297004507
1.462671142369991,2.357639387803836,-0.01409460297004507
1.463171142369991,2.357639387803836,-0.01409460297004507
1.463671142369991,2.357639387803836,-0.01409460297004507
1.464171142369991,2.357639387803836,-0.01409460297004507
1.464671142369991,2.361310495677122,-0.01409460297004507
1.465171142369991,2.361310495677122,-0.01409460297004507
1.465671142369991,2.361310495677122,-0.01409460297004507
1.466171142369991,2.361310495677122,-0.01409460297004507
1.466671142369991,2.364981603550407,-0.01376613455083048
1.467171142369991,2.364981603550407,-0.01409460297004507
1.467671142369991,2.364981603550407,-0.01409460297004507
1.468171142369991,2.364981603550407,-0.01409460297004507
1.468671142369991,2.368652711423693,-0.01376613455083048
1.469171142369991,2.368652711423693,-0.01409460297004507
1.469671142369991,2.368652711423693,-0.01376613455083048
1.470171142369991,2.368652711423693,-0.01409460297004507
1.470671142369991,2.372323819296978,-0.01409460297004507
1.471171142369991,2.372323819296978,-0.01409460297004507
1.471671142369991,2.372323819296978,-0.01409460297004507
1.472171142369991,2.372323819296978,-0.01376613455083048
1.472671142369991,2.375994927170264,-0.01409460297004507
1.473171142369991,2.375994927170264,-0.01376613455083048
1.473671142369991,2.375994927170264,-0.01409460297004507
1.474171142369991,2.375994927170264,-0.01409460297004507
1.474671142369991,2.375994927170264,-0.01409460297004507
1.475171142369991,2.375994927170264,-0.01409460297004507
1.475671142369991,2.379666035043549,-0.01409460297004507
1.476171142369991,2.379666035043549,-0.01409460297004507
1.476671142369991,2.379666035043549,-0.01376613455083048
1.477171142369991,2.379666035043549,-0.01409460297004507
1.477671142369991,2.379666035043549,-0.01376613455083048
1.478171142369991,2.383337142916835,-0.01409460297004507
1.478671142369991,2.383337142916835,-0.01376613455083048
1.479171142369991,2.383337142916835,-0.01409460297004507
1.479671142369991,2.38700825079012,-0.01409460297004507
1.480171142369991,2.38700825079012,-0.01409460297004507
1.480671142369991,2.38700825079012,-0.01409460297004507
1.481171142369991,2.38700825079012,-0.01376613455083048
1.481671142369991,2.390679358663406,-0.01409460297004507
1.482171142369991,2.390679358663406,-0.01409460297004507
1.482671142369991,2.390679358663406,-0.01409460297004507
1.483171142369991,2.390679358663406,-0.01376613455083048
1.483671142369991,2.390679358663406,-0.01409460297004507
1.484171142369991,2.394350466536692,-0.01409460297004507
1.484671142369991,2.394350466536692,-0.01376613455083048
1.485171142369991,2.394350466536692,-0.01409460297004507
1.485671142369991,2.394350466536692,-0.01409460297004507
1.486171142369991,2.398021574409977,-0.01409460297004507
1.486671142369991,2.398021574409977,-0.01409460297004507
1.487171142369991,2.398021574409977,-0.01409460297004507
1.487671142369991,2.398021574409977,-0.01409460297004507
1.488171142369991,2.398021574409977,-0.01409460297004507
1.488671142369991,2.401692682283263,-0.01376613455083048
1.489171142369991,2.401692682283263,-0.01409460297004507
1.489671142369991,2.401692682283263,-0.01376613455083048
1.490171142369991,2.401692682283263,-0.01376613455083048
1.490671142369991,2.405363790156549,-0.01409460297004507
1.491171142369991,2.405363790156549,-0.01376613455083048
1.491671142369991,2.405363790156549,-0.01376613455083048
1.492171142369991,2.405363790156549,-0.01409460297004507
1.492671142369991,2.405363790156549,-0.01376613455083048
1.493171142369991,2.409034898029834,-0.01376613455083048
1.493671142369991,2.409034898029834,-0.01409460297004507
1.494171142369991,2.409034898029834,-0.01376613455083048
1.494671142369991,2.409034898029834,-0.01409460297004507
1.495171142369991,2.409034898029834,-0.01409460297004507
1.495671142369991,2.412706005903119,-0.01376613455083048
1.496171142369991,2.412706005903119,-0.01376613455083048
1.496671142369991,2.412706005903119,-0.01409460297004507
1.497171142369991,2.412706005903119,-0.01376613455083048
1.497671142369991,2.416377113776405,-0.01376613455083048
1.498171142369991,2.416377113776405,-0.01376613455083048
1.498671142369991,2.416377113776405,-0.01409460297004507
1.499171142369991,2.416377113776405,-0.01376613455083048
1.499671142369991,2.416377113776405,-0.01409460297004507
1.500171142369991,2.416377113776405,-0.01376613455083048
1.500671142369991,2.420048221649691,-0.01376613455083048
1.501171142369991,2.420048221649691,-0.01409460297004507
1.501671142369991,2.420048221649691,-0.01376613455083048
1.502171142369991,2.420048221649691,-0.01409460297004507
1.502671142369991,2.420048221649691,-0.01376613455083048
1.503171142369991,2.423719329522976,-0.01376613455083048
1.503671142369991,2.423719329522976,-0.01376613455083048
1.504171142369991,2.423719329522976,-0.01376613455083048
1.504671142369991,2.423719329522976,-0.01376613455083048
1.505171142369991,2.423719329522976,-0.01409460297004507
1.505671142369991,2.427390437396262,-0.01376613455083048
1.506171142369991,2.427390437396262,-0.01409460297004507
1.506671142369991,2.427390437396262,-0.01376613455083048
1.507171142369991,2.427390437396262,-0.01409460297004507
1.507671142369991,2.427390437396262,-0.01409460297004507
1.508171142369991,2.427390437396262,-0.01409460297004507
1.508671142369991,2.431061545269547,-0.01409460297004507
1.509171142369991,2.431061545269547,-0.01409460297004507
1.509671142369991,2.431061545269547,-0.01376613455083048
1.510171142369991,2.431061545269547,-0.01409460297004507
1.510671142369991,2.434732653142833,-0.01376613455083048
1.511171142369991,2.434732653142833,-0.01409460297004507
1.511671142369991,2.434732653142833,-0.01376613455083048
1.512171142369991,2.434732653142833,-0.01409460297004507
1.512671142369991,2.438403761016118,-0.01409460297004507
1.513171142369991,2.438403761016118,-0.01409460297004507
1.513671142369991,2.438403761016118,-0.01376613455083048
1.514171142369991,2.438403761016118,-0.01409460297004507
1.514671142369991,2.438403761016118,-0.01409460297004507
1.515171142369991,2.442074868889404,-0.01376613455083048
1.515671142369991,2.442074868889404,-0.01409460297004507
1.516171142369991,2.442074868889404,-0.01409460297004507
1.516671142369991,2.442074868889404,-0.01409460297004507
1.517171142369991,2.445745976762689,-0.01409460297004507
1.517671142369991,2.445745976762689,-0.01376613455083048
1.518171142369991,2.445745976762689,-0.01409460297004507
1.518671142369991,2.445745976762689,-0.01376613455083048
1.519171142369991,2.445745976762689,-0.01409460297004507
1.519671142369991,2.449417084635975,-0.01409460297004507
1.520171142369991,2.449417084635975,-0.01409460297004507
1.520671142369991,2.449417084635975,-0.01409460297004507
1.521171142369991,2.449417084635975,-0.01409460297004507
1.521671142369991,2.453088192509261,-0.01376613455083048
1.522171142369991,2.453088192509261,-0.01409460297004507
1.522671142369991,2.453088192509261,-0.01409460297004507
1.523171142369991,2.453088192509261,-0.01376613455083048
1.523671142369991,2.453088192509261,-0.01409460297004507
1.524171142369991,2.456759300382546,-0.01376613455083048
1.524671142369991,2.456759300382546,-0.01409460297004507
1.525171142369991,2.456759300382546,-0.01409460297004507
1.525671142369991,2.456759300382546,-0.01376613455083048
1.526171142369991,2.456759300382546,-0.01409460297004507
1.526671142369991,2.460430408255832,-0.01409460297004507
1.527171142369991,2.460430408255832,-0.01409460297004507
1.527671142369991,2.460430408255832,-0.01376613455083048
1.528171142369991,2.460430408255832,-0.01376613455083048
1.528671142369991,2.460430408255832,-0.01409460297004507
1.529171142369991,2.464101516129118,-0.01376613455083048
1.529671142369991,2.464101516129118,-0.01409460297004507
1.530171142369991,2.464101516129118,-0.01409460297004507
1.530671142369991,2.464101516129118,-0.01376613455083048
1.531171142369991,2.464101516129118,-0.01409460297004507
1.531671142369991,2.467772624002403,-0.01376613455083048
1.532171142369991,2.467772624002403,-0.01409460297004507
1.532671142369991,2.467772624002403,-0.01409460297004507
1.533171142369991,2.467772624002403,-0.01376613455083048
1.533671142369991,2.471443731875688,-0.01409460297004507
1.534171142369991,2.471443731875688,-0.01409460297004507
1.534671142369991,2.471443731875688,-0.01409460297004507
1.535171142369991,2.471443731875688,-0.01409460297004507
1.535671142369991,2.471443731875688,-0.01409460297004507
1.536171142369991,2.475114839748974,-0.01409460297004507
1.536671142369991,2.475114839748974,-0.01409460297004507
1.537171142369991,2.475114839748974,-0.01409460297004507
1.537671142369991,2.475114839748974,-0.01409460297004507
1.538171142369991,2.47878594762226,-0.01409460297004507
1.538671142369991,2.47878594762226,-0.01409460297004507
1.539171142369991,2.47878594762226,-0.01409460297004507
1.539671142369991,2.47878594762226,-0.01409460297004507
1.540171142369991,2.482457055495545,-0.01409460297004507
1.540671142369991,2.482457055495545,-0.01376613455083048
1.541171142369991,2.482457055495545,-0.01409460297004507
1.541671142369991,2.482457055495545,-0.01409460297004507
1.542171142369991,2.482457055495545,-0.01409460297004507
1.542671142369991,2.486128163368831,-0.01409460297004507
1.543171142369991,2.486128163368831,-0.01409460297004507
1.543671142369991,2.486128163368831,-0.01409460297004507
1.544171142369991,2.486128163368831,-0.01409460297004507
1.544671142369991,2.489799271242116,-0.01376613455083048
1.545171142369991,2.489799271242116,-0.01409460297004507
1.545671142369991,2.489799271242116,-0.01409460297004507
1.546171142369991,2.489799271242116,-0.01409460297004507
1.546671142369991,2.489799271242116,-0.01409460297004507
1.547171142369991,2.493470379115402,-0.01409460297004507
1.547671142369991,2.493470379115402,-0.01409460297004507
1.548171142369991,2.493470379115402,-0.01409460297004507
1.548671142369991,2.497141486988688,-0.01409460297004507
1.549171142369991,2.497141486988688,-0.01409460297004507
1.549671142369991,2.497141486988688,-0.01409460297004507
1.550171142369991,2.497141486988688,-0.01409460297004507
1.550671142369991,2.497141486988688,-0.01409460297004507
1.551171142369991,2.500812594861973,-0.01409460297004507
1.551671142369991,2.500812594861973,-0.01409460297004507
1.552171142369991,2.500812594861973,-0.01409460297004507
1.552671142369991,2.500812594861973,-0.01409460297004507
1.553171142369991,2.504483702735258,-0.01409460297004507
1.553671142369991,2.504483702735258,-0.01409460297004507
1.554171142369991,2.504483702735258,-0.01409460297004507
1.554671142369991,2.504483702735258,-0.01409460297004507
1.555171142369991,2.504483702735258,-0.01409460297004507
1.555671142369991,2.508154810608544,-0.01409460297004507
1.556171142369991,2.508154810608544,-0.01409460297004507
1.556671142369991,2.508154810608544,-0.01409460297004507
1.557171142369991,2.508154810608544,-0.01409460297004507
1.557671142369991,2.51182591848183,-0.01376613455083048
1.558171142369991,2.51182591848183,-0.01409460297004507
1.558671142369991,2.51182591848183,-0.01409460297004507
1.559171142369991,2.51182591848183,-0.01409460297004507
1.559671142369991,2.515497026355115,-0.01409460297004507
1.560171142369991,2.515497026355115,-0.01409460297004507
1.560671142369991,2.515497026355115,-0.01409460297004507
1.561171142369991,2.515497026355115,-0.01409460297004507
1.561671142369991,2.515497026355115,-0.01409460297004507
1.562171142369991,2.519168134228401,-0.01409460297004507
1.562671142369991,2.519168134228401,-0.01409460297004507
1.563171142369991,2.519168134228401,-0.01409460297004507
1.563671142369991,2.519168134228401,-0.01409460297004507
1.564171142369991,2.519168134228401,-0.01409460297004507
1.564671142369991,2.522839242101687,-0.01409460297004507
1.565171142369991,2.522839242101687,-0.01409460297004507
1.565671142369991,2.522839242101687,-0.01409460297004507
1.566171142369991,2.522839242101687,-0.01409460297004507
1.566671142369991,2.526510349974972,-0.01409460297004507
1.567171142369991,2.526510349974972,-0.01409460297004507
1.567671142369991,2.526510349974972,-0.01409460297004507
1.568171142369991,2.526510349974972,-0.01409460297004507
1.568671142369991,2.526510349974972,-0.01409460297004507
1.569171142369991,2.530181457848257,-0.01409460297004507
1.569671142369991,2.530181457848257,-0.01409460297004507
1.570171142369991,2.530181457848257,-0.01409460297004507
1.570671142369991,2.530181457848257,-0.01409460297004507
1.571171142369991,2.530181457848257,-0.01409460297004507
1.571671142369991,2.533852565721543,-0.01409460297004507
1.572171142369991,2.533852565721543,-0.01409460297004507
1.572671142369991,2.533852565721543,-0.01409460297004507
1.573171142369991,2.533852565721543,-0.01409460297004507
1.573671142369991,2.533852565721543,-0.01409460297004507
1.574171142369991,2.537523673594829,-0.01409460297004507
1.574671142369991,2.537523673594829,-0.01409460297004507
1.575171142369991,2.537523673594829,-0.01409460297004507
1.575671142369991,2.541194781468114,-0.01409460297004507
1.576171142369991,2.541194781468114,-0.01409460297004507
1.576671142369991,2.541194781468114,-0.01409460297004507
1.577171142369991,2.541194781468114,-0.01409460297004507
1.577671142369991,2.541194781468114,-0.01409460297004507
1.578171142369991,2.5448658893414,-0.01409460297004507
1.578671142369991,2.5448658893414,-0.01376613455083048
1.579171142369991,2.5448658893414,-0.01409460297004507
1.579671142369991,2.5448658893414,-0.01376613455083048
1.580171142369991,2.5448658893414,-0.01409460297004507
1.580671142369991,2.548536997214685,-0.01409460297004507
1.581171142369991,2.548536997214685,-0.01409460297004507
1.581671142369991,2.548536997214685,-0.01409460297004507
1.582171142369991,2.548536997214685,-0.01376613455083048
1.582671142369991,2.552208105087971,-0.01409460297004507
1.583171142369991,2.552208105087971,-0.01409460297004507
1.583671142369991,2.552208105087971,-0.01376613455083048
1.584171142369991,2.552208105087971,-0.01409460297004507
1.584671142369991,2.555879212961257,-0.01409460297004507
1.585171142369991,2.555879212961257,-0.01409460297004507
1.585671142369991,2.555879212961257,-0.01409460297004507
1.586171142369991,2.555879212961257,-0.01376613455083048
1.586671142369991,2.555879212961257,-0.01409460297004507
1.587171142369991,2.559550320834542,-0.01409460297004507
1.587671142369991,2.559550320834542,-0.01409460297004507
1.588171142369991,2.559550320834542,-0.01409460297004507
1.588671142369991,2.563221428707827,-0.01409460297004507
1.589171142369991,2.563221428707827,-0.01409460297004507
1.589671142369991,2.563221428707827,-0.01376613455083048
1.590171142369991,2.563221428707827,-0.01409460297004507
1.590671142369991,2.566892536581113,-0.01409460297004507
1.591171142369991,2.566892536581113,-0.01409460297004507
1.591671142369991,2.566892536581113,-0.01409460297004507
1.592171142369991,2.566892536581113,-0.01409460297004507
1.592671142369991,2.566892536581113,-0.01409460297004507
1.593171142369991,2.566892536581113,-0.01409460297004507
1.593671142369991,2.570563644454399,-0.01409460297004507
1.594171142369991,2.570563644454399,-0.01409460297004507
1.594671142369991,2.570563644454399,-0.01409460297004507
1.595171142369991,2.570563644454399,-0.01409460297004507
1.595671142369991,2.574234752327684,-0.01409460297004507
1.596171142369991,2.574234752327684,-0.01409460297004507
1.596671142369991,2.574234752327684,-0.01409460297004507
1.597171142369991,2.574234752327684,-0.01409460297004507
1.597671142369991,2.574234752327684,-0.01409460297004507
1.598171142369991,2.57790586020097,-0.01409460297004507
1.598671142369991,2.57790586020097,-0.01409460297004507
1.599171142369991,2.57790586020097,-0.01409460297004507
1.599671142369991,2.57790586020097,-0.01409460297004507
1.600171142369991,2.581576968074256,-0.01409460297004507
1.600671142369991,2.581576968074256,-0.01409460297004507
1.601171142369991,2.581576968074256,-0.01409460297004507
1.601671142369991,2.581576968074256,-0.01409460297004507
1.602171142369991,2.585248075947541,-0.01409460297004507
1.602671142369991,2.585248075947541,-0.01376613455083048
1.603171142369991,2.585248075947541,-0.01409460297004507
1.603671142369991,2.585248075947541,-0.01409460297004507
1.604171142369991,2.585248075947541,-0.01409460297004507
1.604671142369991,2.588919183820827,-0.01409460297004507
1.605171142369991,2.588919183820827,-0.01409460297004507
1.605671142369991,2.588919183820827,-0.01409460297004507
1.606171142369991,2.588919183820827,-0.01376613455083048
1.606671142369991,2.592590291694112,-0.01409460297004507
1.607171142369991,2.592590291694112,-0.01409460297004507
1.607671142369991,2.592590291694112,-0.01409460297004507
1.608171142369991,2.592590291694112,-0.01409460297004507
1.608671142369991,2.592590291694112,-0.01409460297004507
1.609171142369991,2.592590291694112,-0.01409460297004507
1.609671142369991,2.596261399567398,-0.01376613455083048
1.610171142369991,2.596261399567398,-0.01409460297004507
1.610671142369991,2.596261399567398,-0.01409460297004507
1.611171142369991,2.596261399567398,-0.01409460297004507
1.611671142369991,2.599932507440683,-0.01409460297004507
1.612171142369991,2.599932507440683,-0.01409460297004507
1.612671142369991,2.599932507440683,-0.01409460297004507
1.613171142369991,2.603603615313969,-0.01409460297004507
1.613671142369991,2.603603615313969,-0.01409460297004507
1.614171142369991,2.603603615313969,-0.01409460297004507
1.614671142369991,2.603603615313969,-0.01376613455083048
1.615171142369991,2.603603615313969,-0.01409460297004507
1.615671142369991,2.607274723187254,-0.01409460297004507
1.616171142369991,2.607274723187254,-0.01376613455083048
1.616671142369991,2.607274723187254,-0.01409460297004507
1.617171142369991,2.61094583106054,-0.01376613455083048
1.617671142369991,2.61094583106054,-0.01409460297004507
1.618171142369991,2.61094583106054,-0.01409460297004507
1.618671142369991,2.61094583106054,-0.01376613455083048
1.619171142369991,2.61094583106054,-0.01409460297004507
1.619671142369991,2.61094583106054,-0.01376613455083048
1.620171142369991,2.614616938933826,-0.01409460297004507
1.620671142369991,2.614616938933826,-0.01376613455083048
1.621171142369991,2.614616938933826,-0.01409460297004507
1.621671142369991,2.614616938933826,-0.01409460297004507
1.622171142369991,2.618288046807111,-0.01376613455083048
1.622671142369991,2.618288046807111,-0.01409460297004507
1.623171142369991,2.618288046807111,-0.01376613455083048
1.623671142369991,2.618288046807111,-0.01409460297004507
1.624171142369991,2.618288046807111,-0.01409460297004507
1.624671142369991,2.618288046807111,-0.01376613455083048
1.625171142369991,2.621959154680396,-0.01409460297004507
1.625671142369991,2.621959154680396,-0.01409460297004507
1.626171142369991,2.621959154680396,-0.01409460297004507
1.626671142369991,2.625630262553682,-0.01409460297004507
1.627171142369991,2.625630262553682,-0.01409460297004507
1.627671142369991,2.625630262553682,-0.01409460297004507
1.628171142369991,2.625630262553682,-0.01409460297004507
1.628671142369991,2.629301370426968,-0.01376613455083048
1.629171142369991,2.629301370426968,-0.01409460297004507
1.629671142369991,2.629301370426968,-0.01409460297004507
1.630171142369991,2.629301370426968,-0.01376613455083048
1.630671142369991,2.629301370426968,-0.01409460297004507
1.631171142369991,2.632972478300253,-0.01376613455083048
1.631671142369991,2.632972478300253,-0.01409460297004507
1.632171142369991,2.632972478300253,-0.01409460297004507
1.632671142369991,2.632972478300253,-0.01376613455083048
1.633171142369991,2.632972478300253,-0.01409460297004507
1.633671142369991,2.636643586173539,-0.01376613455083048
1.634171142369991,2.636643586173539,-0.01409460297004507
1.634671142369991,2.636643586173539,-0.01409460297004507
1.635171142369991,2.640314694046825,-0.01376613455083048
1.635671142369991,2.640314694046825,-0.01376613455083048
1.636171142369991,2.640314694046825,-0.01409460297004507
1.636671142369991,2.640314694046825,-0.01409460297004507
1.637171142369991,2.640314694046825,-0.01376613455083048
1.637671142369991,2.64398580192011,-0.01409460297004507
1.638171142369991,2.64398580192011,-0.01376613455083048
1.638671142369991,2.64398580192011,-0.01376613455083048
1.639171142369991,2.64398580192011,-0.01409460297004507
1.639671142369991,2.64398580192011,-0.01376613455083048
1.640171142369991,2.647656909793396,-0.01409460297004507
1.640671142369991,2.647656909793396,-0.01409460297004507
1.641171142369991,2.647656909793396,-0.01376613455083048
1.641671142369991,2.647656909793396,-0.01409460297004507
1.642171142369991,2.647656909793396,-0.01376613455083048
1.642671142369991,2.651328017666681,-0.01409460297004507
1.643171142369991,2.651328017666681,-0.01376613455083048
1.643671142369991,2.651328017666681,-0.01409460297004507
1.644171142369991,2.651328017666681,-0.01376613455083048
1.644671142369991,2.651328017666681,-0.01376613455083048
1.645171142369991,2.654999125539967,-0.01409460297004507
1.645671142369991,2.654999125539967,-0.01376613455083048
1.646171142369991,2.654999125539967,-0.01376613455083048
1.646671142369991,2.654999125539967,-0.01409460297004507
1.647171142369991,2.654999125539967,-0.01376613455083048
1.647671142369991,2.658670233413252,-0.01376613455083048
1.648171142369991,2.658670233413252,-0.01376613455083048
1.648671142369991,2.658670233413252,-0.01409460297004507
1.649171142369991,2.658670233413252,-0.01376613455083048
1.649671142369991,2.658670233413252,-0.01376613455083048
1.650171142369991,2.662341341286538,-0.01376613455083048
1.650671142369991,2.662341341286538,-0.01409460297004507
1.651171142369991,2.662341341286538,-0.01376613455083048
1.651671142369991,2.662341341286538,-0.01409460297004507
1.652171142369991,2.666012449159823,-0.01409460297004507
1.652671142369991,2.666012449159823,-0.01376613455083048
1.653171142369991,2.666012449159823,-0.01409460297004507
1.653671142369991,2.666012449159823,-0.01376613455083048
1.654171142369991,2.666012449159823,-0.01409460297004507
1.654671142369991,2.666012449159823,-0.01409460297004507
1.655171142369991,2.669683557033109,-0.01376613455083048
1.655671142369991,2.669683557033109,-0.01409460297004507
1.656171142369991,2.669683557033109,-0.01376613455083048
1.656671142369991,2.669683557033109,-0.01376613455083048
1.657171142369991,2.673354664906395,-0.01409460297004507
1.657671142369991,2.673354664906395,-0.01376613455083048
1.658171142369991,2.673354664906395,-0.01409460297004507
1.658671142369991,2.673354664906395,-0.01409460297004507
1.659171142369991,2.673354664906395,-0.01376613455083048
1.659671142369991,2.67702577277968,-0.01409460297004507
1.660171142369991,2.67702577277968,-0.01409460297004507
1.660671142369991,2.67702577277968,-0.01376613455083048
1.661171142369991,2.67702577277968,-0.01376613455083048
1.661671142369991,2.680696880652965,-0.01409460297004507
1.662171142369991,2.680696880652965,-0.01376613455083048
1.662671142369991,2.680696880652965,-0.01409460297004507
1.663171142369991,2.680696880652965,-0.01376613455083048
1.663671142369991,2.680696880652965,-0.01409460297004507
1.664171142369991,2.680696880652965,-0.01409460297004507
1.664671142369991,2.684367988526251,-0.01376613455083048
1.665171142369991,2.684367988526251,-0.01409460297004507
1.665671142369991,2.684367988526251,-0.01376613455083048
1.666171142369991,2.684367988526251,-0.01409460297004507
1.666671142369991,2.684367988526251,-0.01409460297004507
1.667171142369991,2.688039096399537,-0.01376613455083048
1.667671142369991,2.688039096399537,-0.01409460297004507
1.668171142369991,2.688039096399537,-0.01376613455083048
1.668671142369991,2.688039096399537,-0.01409460297004507
1.669171142369991,2.691710204272822,-0.01409460297004507
1.669671142369991,2.691710204272822,-0.01376613455083048
1.670171142369991,2.691710204272822,-0.01409460297004507
1.670671142369991,2.691710204272822,-0.01376613455083048
1.671171142369991,2.691710204272822,-0.01409460297004507
1.671671142369991,2.691710204272822,-0.01409460297004507
1.672171142369991,2.695381312146108,-0.01409460297004507
1.672671142369991,2.695381312146108,-0.01409460297004507
1.673171142369991,2.695381312146108,-0.01409460297004507
1.673671142369991,2.699052420019393,-0.01409460297004507
1.674171142369991,2.699052420019393,-0.01409460297004507
1.674671142369991,2.699052420019393,-0.01409460297004507
1.675171142369991,2.699052420019393,-0.01409460297004507
1.675671142369991,2.699052420019393,-0.01409460297004507
1.676171142369991,2.699052420019393,-0.01409460297004507
1.676671142369991,2.702723527892679,-0.01376613455083048
1.677171142369991,2.702723527892679,-0.01409460297004507
1.677671142369991,2.702723527892679,-0.01409460297004507
1.678171142369991,2.702723527892679,-0.01409460297004507
1.678671142369991,2.702723527892679,-0.01409460297004507
1.679171142369991,2.706394635765965,-0.01376613455083048
1.679671142369991,2.706394635765965,-0.01409460297004507
1.680171142369991,2.706394635765965,-0.01409460297004507
1.680671142369991,2.706394635765965,-0.01409460297004507
1.681171142369991,2.71006574363925,-0.01409460297004507
1.681671142369991,2.71006574363925,-0.01376613455083048
1.682171142369991,2.71006574363925,-0.01409460297004507
1.682671142369991,2.71006574363925,-0.01409460297004507
1.683171142369991,2.713736851512536,-0.01409460297004507
1.683671142369991,2.713736851512536,-0.01376613455083048
1.684171142369991,2.713736851512536,-0.01409460297004507
1.684671142369991,2.717407959385821,-0.01376613455083048
1.685171142369991,2.717407959385821,-0.01409460297004507
1.685671142369991,2.717407959385821,-0.01409460297004507
1.686171142369991,2.717407959385821,-0.01376613455083048
1.686671142369991,2.717407959385821,-0.01409460297004507
1.687171142369991,2.721079067259107,-0.01409460297004507
1.687671142369991,2.721079067259107,-0.01409460297004507
1.688171142369991,2.721079067259107,-0.01409460297004507
1.688671142369991,2.721079067259107,-0.01409460297004507
1.689171142369991,2.724750175132392,-0.01376613455083048
1.689671142369991,2.724750175132392,-0.01409460297004507
1.690171142369991,2.724750175132392,-0.01376613455083048
1.690671142369991,2.724750175132392,-0.01409460297004507
1.691171142369991,2.724750175132392,-0.01376613455083048
1.691671142369991,2.728421283005678,-0.01409460297004507
1.692171142369991,2.728421283005678,-0.01409460297004507
1.692671142369991,2.728421283005678,-0.01376613455083048
1.693171142369991,2.728421283005678,-0.01409460297004507
1.693671142369991,2.732092390878964,-0.01409460297004507
1.694171142369991,2.732092390878964,-0.01376613455083048
1.694671142369991,2.732092390878964,-0.01409460297004507
1.695171142369991,2.732092390878964,-0.01409460297004507
1.695671142369991,2.732092390878964,-0.01409460297004507
1.696171142369991,2.735763498752249,-0.01409460297004507
1.696671142369991,2.735763498752249,-0.01376613455083048
1.697171142369991,2.735763498752249,-0.01409460297004507
1.697671142369991,2.735763498752249,-0.01376613455083048
1.698171142369991,2.735763498752249,-0.01409460297004507
1.698671142369991,2.735763498752249,-0.01376613455083048
1.699171142369991,2.739434606625535,-0.01409460297004507
1.699671142369991,2.739434606625535,-0.01376613455083048
1.700171142369991,2.739434606625535,-0.01409460297004507
1.700671142369991,2.74310571449882,-0.01409460297004507
1.701171142369991,2.74310571449882,-0.01376613455083048
1.701671142369991,2.74310571449882,-0.01409460297004507
1.702171142369991,2.74310571449882,-0.01409460297004507
1.702671142369991,2.746776822372106,-0.01376613455083048
1.703171142369991,2.746776822372106,-0.01409460297004507
1.703671142369991,2.746776822372106,-0.01409460297004507
1.704171142369991,2.746776822372106,-0.01409460297004507
1.704671142369991,2.746776822372106,-0.01409460297004507
1.705171142369991,2.750447930245391,-0.01376613455083048
1.705671142369991,2.750447930245391,-0.01409460297004507
1.706171142369991,2.750447930245391,-0.01376613455083048
1.706671142369991,2.750447930245391,-0.01409460297004507
1.707171142369991,2.754119038118677,-0.01409460297004507
1.707671142369991,2.754119038118677,-0.01376613455083048
1.708171142369991,2.754119038118677,-0.01409460297004507
1.708671142369991,2.754119038118677,-0.01409460297004507
1.709171142369991,2.754119038118677,-0.01376613455083048
1.709671142369991,2.757790145991962,-0.01409460297004507
1.710171142369991,2.757790145991962,-0.01376613455083048
1.710671142369991,2.757790145991962,-0.01409460297004507
1.711171142369991,2.757790145991962,-0.01376613455083048
1.711671142369991,2.757790145991962,-0.01409460297004507
1.712171142369991,2.761461253865248,-0.01376613455083048
1.712671142369991,2.761461253865248,-0.01409460297004507
1.713171142369991,2.761461253865248,-0.01376613455083048
1.713671142369991,2.761461253865248,-0.01409460297004507
1.714171142369991,2.765132361738534,-0.01376613455083048
1.714671142369991,2.765132361738534,-0.01409460297004507
1.715171142369991,2.765132361738534,-0.01409460297004507
1.715671142369991,2.765132361738534,-0.01409460297004507
1.716171142369991,2.768803469611819,-0.01376613455083048
1.716671142369991,2.768803469611819,-0.01409460297004507
1.717171142369991,2.768803469611819,-0.01376613455083048
1.717671142369991,2.768803469611819,-0.01409460297004507
1.718171142369991,2.768803469611819,-0.01376613455083048
1.718671142369991,2.768803469611819,-0.01409460297004507
1.719171142369991,2.772474577485105,-0.01409460297004507
1.719671142369991,2.772474577485105,-0.01409460297004507
1.720171142369991,2.772474577485105,-0.01409460297004507
1.720671142369991,2.77614568535839,-0.01409460297004507
1.721171142369991,2.77614568535839,-0.01409460297004507
1.721671142369991,2.77614568535839,-0.01409460297004507
1.722171142369991,2.77614568535839,-0.01376613455083048
1.722671142369991,2.77614568535839,-0.01409460297004507
1.723171142369991,2.779816793231676,-0.01409460297004507
1.723671142369991,2.779816793231676,-0.01376613455083048
1.724171142369991,2.779816793231676,-0.01409460297004507
1.724671142369991,2.779816793231676,-0.01409460297004507
1.725171142369991,2.779816793231676,-0.01409460297004507
1.725671142369991,2.783487901104961,-0.01376613455083048
1.726171142369991,2.783487901104961,-0.01409460297004507
1.726671142369991,2.783487901104961,-0.01409460297004507
1.727171142369991,2.787159008978247,-0.01409460297004507
1.727671142369991,2.787159008978247,-0.01409460297004507
1.728171142369991,2.787159008978247,-0.01376613455083048
1.728671142369991,2.787159008978247,-0.01409460297004507
1.729171142369991,2.787159008978247,-0.01409460297004507
1.729671142369991,2.787159008978247,-0.01409460297004507
1.730171142369991,2.790830116851533,-0.01409460297004507
1.730671142369991,2.790830116851533,-0.01376613455083048
1.731171142369991,2.790830116851533,-0.01409460297004507
1.731671142369991,2.794501224724818,-0.01376613455083048
1.732171142369991,2.794501224724818,-0.01409460297004507
1.732671142369991,2.794501224724818,-0.01409460297004507
1.733171142369991,2.794501224724818,-0.01409460297004507
1.733671142369991,2.794501224724818,-0.01409460297004507
1.734171142369991,2.794501224724818,-0.01376613455083048
1.734671142369991,2.798172332598104,-0.01409460297004507
1.735171142369991,2.798172332598104,-0.01409460297004507
1.735671142369991,2.798172332598104,-0.01409460297004507
1.736171142369991,2.798172332598104,-0.01409460297004507
1.736671142369991,2.801843440471389,-0.01409460297004507
1.737171142369991,2.801843440471389,-0.01409460297004507
1.737671142369991,2.801843440471389,-0.01409460297004507
1.738171142369991,2.801843440471389,-0.01409460297004507
1.738671142369991,2.805514548344675,-0.01409460297004507
1.739171142369991,2.805514548344675,-0.01376613455083048
1.739671142369991,2.805514548344675,-0.01409460297004507
1.740171142369991,2.805514548344675,-0.01409460297004507
1.740671142369991,2.805514548344675,-0.01409460297004507
1.741171142369991,2.805514548344675,-0.01409460297004507
1.741671142369991,2.80918565621796,-0.01409460297004507
1.742171142369991,2.80918565621796,-0.01409460297004507
1.742671142369991,2.80918565621796,-0.01409460297004507
1.743171142369991,2.80918565621796,-0.01409460297004507
1.743671142369991,2.812856764091246,-0.01409460297004507
1.744171142369991,2.812856764091246,-0.01409460297004507
1.744671142369991,2.812856764091246,-0.01409460297004507
1.745171142369991,2.812856764091246,-0.01409460297004507
1.745671142369991,2.812856764091246,-0.01409460297004507
1.746171142369991,2.816527871964531,-0.01409460297004507
1.746671142369991,2.816527871964531,-0.01376613455083048
1.747171142369991,2.816527871964531,-0.01409460297004507
1.747671142369991,2.816527871964531,-0.01409460297004507
1.748171142369991,2.816527871964531,-0.01409460297004507
1.748671142369991,2.820198979837817,-0.01409460297004507
1.749171142369991,2.820198979837817,-0.01409460297004507
1.749671142369991,2.820198979837817,-0.01409460297004507
1.750171142369991,2.820198979837817,-0.01409460297004507
1.750671142369991,2.823870087711103,-0.01409460297004507
1.751171142369991,2.823870087711103,-0.01409460297004507
1.751671142369991,2.823870087711103,-0.01409460297004507
1.752171142369991,2.823870087711103,-0.01409460297004507
1.752671142369991,2.827541195584388,-0.01409460297004507
1.753171142369991,2.827541195584388,-0.01409460297004507
1.753671142369991,2.827541195584388,-0.01376613455083048
1.754171142369991,2.827541195584388,-0.01409460297004507
1.754671142369991,2.831212303457674,-0.01409460297004507
1.755171142369991,2.831212303457674,-0.01409460297004507
1.755671142369991,2.831212303457674,-0.01409460297004507
1.756171142369991,2.831212303457674,-0.01409460297004507
1.756671142369991,2.831212303457674,-0.01409460297004507
1.757171142369991,2.834883411330959,-0.01409460297004507
1.757671142369991,2.834883411330959,-0.01376613455083048
1.758171142369991,2.834883411330959,-0.01409460297004507
1.758671142369991,2.834883411330959,-0.01376613455083048
1.759171142369991,2.838554519204245,-0.01409460297004507
1.759671142369991,2.838554519204245,-0.01376613455083048
1.760171142369991,2.838554519204245,-0.01409460297004507
1.760671142369991,2.838554519204245,-0.01409460297004507
1.761171142369991,2.838554519204245,-0.01376613455083048
1.761671142369991,2.84222562707753,-0.01376613455083048
1.762171142369991,2.84222562707753,-0.01409460297004507
1.762671142369991,2.84222562707753,-0.01376613455083048
1.763171142369991,2.84222562707753,-0.01409460297004507
1.763671142369991,2.845896734950816,-0.01376613455083048
1.764171142369991,2.845896734950816,-0.01376613455083048
1.764671142369991,2.845896734950816,-0.01409460297004507
1.765171142369991,2.845896734950816,-0.01376613455083048
1.765671142369991,2.849567842824102,-0.01409460297004507
1.766171142369991,2.849567842824102,-0.01376613455083048
1.766671142369991,2.849567842824102,-0.01409460297004507
1.767171142369991,2.849567842824102,-0.01409460297004507
1.767671142369991,2.849567842824102,-0.01409460297004507
1.768171142369991,2.853238950697387,-0.01376613455083048
1.768671142369991,2.853238950697387,-0.01409460297004507
1.769171142369991,2.853238950697387,-0.01376613455083048
1.769671142369991,2.853238950697387,-0.01409460297004507
1.770171142369991,2.856910058570673,-0.01376613455083048
1.770671142369991,2.856910058570673,-0.01409460297004507
1.771171142369991,2.856910058570673,-0.01376613455083048
1.771671142369991,2.856910058570673,-0.01409460297004507
1.772171142369991,2.856910058570673,-0.01376613455083048
1.772671142369991,2.860581166443958,-0.01409460297004507
1.773171142369991,2.860581166443958,-0.01376613455083048
1.773671142369991,2.860581166443958,-0.01409460297004507
1.774171142369991,2.860581166443958,-0.01409460297004507
1.774671142369991,2.864252274317244,-0.01376613455083048
1.775171142369991,2.864252274317244,-0.01409460297004507
1.775671142369991,2.864252274317244,-0.01376613455083048
1.776171142369991,2.864252274317244,-0.01376613455083048
1.776671142369991,2.864252274317244,-0.01409460297004507
1.777171142369991,2.867923382190529,-0.01409460297004507
1.777671142369991,2.867923382190529,-0.01376613455083048
1.778171142369991,2.867923382190529,-0.01409460297004507
1.778671142369991,2.867923382190529,-0.01376613455083048
1.779171142369991,2.871594490063815,-0.01409460297004507
1.779671142369991,2.871594490063815,-0.01376613455083048
1.780171142369991,2.871594490063815,-0.01409460297004507
1.780671142369991,2.871594490063815,-0.01409460297004507
1.781171142369991,2.8752655979371,-0.01409460297004507
1.781671142369991,2.8752655979371,-0.01409460297004507
1.782171142369991,2.8752655979371,-0.01409460297004507
1.782671142369991,2.8752655979371,-0.01409460297004507
1.783171142369991,2.8752655979371,-0.01409460297004507
1.783671142369991,2.878936705810386,-0.01409460297004507
1.784171142369991,2.878936705810386,-0.01376613455083048
1.784671142369991,2.878936705810386,-0.01409460297004507
1.785171142369991,2.878936705810386,-0.01376613455083048
1.785671142369991,2.878936705810386,-0.01409460297004507
1.786171142369991,2.878936705810386,-0.01409460297004507
1.786671142369991,2.882607813683672,-0.01409460297004507
1.787171142369991,2.882607813683672,-0.01376613455083048
1.787671142369991,2.882607813683672,-0.01409460297004507
1.788171142369991,2.882607813683672,-0.01409460297004507
1.788671142369991,2.882607813683672,-0.01409460297004507
1.789171142369991,2.886278921556957,-0.01376613455083048
1.789671142369991,2.886278921556957,-0.01409460297004507
1.790171142369991,2.886278921556957,-0.01409460297004507
1.790671142369991,2.886278921556957,-0.01376613455083048
1.791171142369991,2.886278921556957,-0.01409460297004507
1.791671142369991,2.886278921556957,-0.01376613455083048
1.792171142369991,2.889950029430243,-0.01409460297004507
1.792671142369991,2.889950029430243,-0.01376613455083048
1.793171142369991,2.893621137303528,-0.01409460297004507
1.793671142369991,2.893621137303528,-0.01376613455083048
1.794171142369991,2.893621137303528,-0.01409460297004507
1.794671142369991,2.893621137303528,-0.01376613455083048
1.795171142369991,2.893621137303528,-0.01409460297004507
1.795671142369991,2.893621137303528,-0.01376613455083048
1.796171142369991,2.893621137303528,-0.01409460297004507
1.796671142369991,2.897292245176814,-0.01409460297004507
1.797171142369991,2.897292245176814,-0.01376613455083048
1.797671142369991,2.897292245176814,-0.01409460297004507
1.798171142369991,2.897292245176814,-0.01409460297004507
1.798671142369991,2.900963353050099,-0.01376613455083048
1.799171142369991,2.900963353050099,-0.01409460297004507
1.799671142369991,2.900963353050099,-0.01409460297004507
1.800171142369991,2.900963353050099,-0.01409460297004507
1.800671142369991,2.900963353050099,-0.01409460297004507
1.801171142369991,2.904634460923385,-0.01409460297004507
1.801671142369991,2.904634460923385,-0.01376613455083048
1.802171142369991,2.904634460923385,-0.01409460297004507
1.802671142369991,2.904634460923385,-0.01376613455083048
1.803171142369991,2.908305568796671,-0.01409460297004507
1.803671142369991,2.908305568796671,-0.01376613455083048
1.804171142369991,2.908305568796671,-0.01409460297004507
1.804671142369991,2.908305568796671,-0.01376613455083048
1.805171142369991,2.908305568796671,-0.01409460297004507
1.805671142369991,2.911976676669956,-0.01376613455083048
1.806171142369991,2.911976676669956,-0.01376613455083048
1.806671142369991,2.911976676669956,-0.01409460297004507
1.807171142369991,2.911976676669956,-0.01409460297004507
1.807671142369991,2.915647784543242,-0.01409460297004507
1.808171142369991,2.915647784543242,-0.01409460297004507
1.808671142369991,2.915647784543242,-0.01376613455083048
1.809171142369991,2.915647784543242,-0.01409460297004507
1.809671142369991,2.919318892416527,-0.01409460297004507
1.810171142369991,2.919318892416527,-0.01376613455083048
1.810671142369991,2.919318892416527,-0.01409460297004507
1.811171142369991,2.919318892416527,-0.01376613455083048
1.811671142369991,2.922990000289813,-0.01376613455083048
1.812171142369991,2.922990000289813,-0.01409460297004507
1.812671142369991,2.922990000289813,-0.01376613455083048
1.813171142369991,2.922990000289813,-0.01409460297004507
1.813671142369991,2.922990000289813,-0.01376613455083048
1.814171142369991,2.922990000289813,-0.01409460297004507
1.814671142369991,2.926661108163098,-0.01409460297004507
1.815171142369991,2.926661108163098,-0.01376613455083048
1.815671142369991,2.926661108163098,-0.01409460297004507
1.816171142369991,2.930332216036384,-0.01376613455083048
1.816671142369991,2.926661108163098,-0.01376613455083048
1.817171142369991,2.930332216036384,-0.01409460297004507
1.817671142369991,2.930332216036384,-0.01376613455083048
1.818171142369991,2.930332216036384,-0.01409460297004507
1.818671142369991,2.930332216036384,-0.01409460297004507
1.819171142369991,2.934003323909669,-0.01376613455083048
1.819671142369991,2.934003323909669,-0.01376613455083048
1.820171142369991,2.934003323909669,-0.01409460297004507
1.820671142369991,2.934003323909669,-0.01376613455083048
1.821171142369991,2.937674431782955,-0.01376613455083048
1.821671142369991,2.937674431782955,-0.01409460297004507
1.822171142369991,2.937674431782955,-0.01376613455083048
1.822671142369991,2.937674431782955,-0.01376613455083048
1.823171142369991,2.941345539656241,-0.01376613455083048
1.823671142369991,2.941345539656241,-0.01376613455083048
1.824171142369991,2.941345539656241,-0.01376613455083048
1.824671142369991,2.941345539656241,-0.01376613455083048
1.825171142369991,2.941345539656241,-0.01409460297004507
1.825671142369991,2.941345539656241,-0.01376613455083048
1.826171142369991,2.945016647529526,-0.01376613455083048
1.826671142369991,2.945016647529526,-0.01376613455083048
1.827171142369991,2.945016647529526,-0.01376613455083048
1.827671142369991,2.945016647529526,-0.01376613455083048
1.828171142369991,2.948687755402812,-0.01376613455083048
1.828671142369991,2.948687755402812,-0.01376613455083048
1.829171142369991,2.948687755402812,-0.01376613455083048
1.829671142369991,2.948687755402812,-0.01376613455083048
1.830171142369991,2.948687755402812,-0.01376613455083048
1.830671142369991,2.952358863276098,-0.01409460297004507
1.831171142369991,2.952358863276098,-0.01376613455083048
1.831671142369991,2.952358863276098,-0.01409460297004507
1.832171142369991,2.952358863276098,-0.01409460297004507
1.832671142369991,2.956029971149383,-0.01376613455083048
1.833171142369991,2.956029971149383,-0.01409460297004507
1.833671142369991,2.956029971149383,-0.01376613455083048
1.834171142369991,2.956029971149383,-0.01409460297004507
1.834671142369991,2.959701079022668,-0.01376613455083048
1.835171142369991,2.959701079022668,-0.01409460297004507
1.835671142369991,2.959701079022668,-0.01376613455083048
1.836171142369991,2.959701079022668,-0.01376613455083048
1.836671142369991,2.959701079022668,-0.01376613455083048
1.837171142369991,2.959701079022668,-0.01376613455083048
1.837671142369991,2.963372186895954,-0.01376613455083048
1.838171142369991,2.963372186895954,-0.01376613455083048
1.838671142369991,2.963372186895954,-0.01376613455083048
1.839171142369991,2.963372186895954,-0.01376613455083048
1.839671142369991,2.96704329476924,-0.01376613455083048
1.840171142369991,2.96704329476924,-0.01376613455083048
1.840671142369991,2.96704329476924,-0.01409460297004507
1.841171142369991,2.96704329476924,-0.01376613455083048
1.841671142369991,2.970714402642525,-0.01376613455083048
1.842171142369991,2.970714402642525,-0.01409460297004507
1.842671142369991,2.970714402642525,-0.01376613455083048
1.843171142369991,2.970714402642525,-0.01376613455083048
1.843671142369991,2.974385510515811,-0.01376613455083048
1.844171142369991,2.974385510515811,-0.01376613455083048
1.844671142369991,2.974385510515811,-0.01409460297004507
1.845171142369991,2.974385510515811,-0.01376613455083048
1.845671142369991,2.978056618389096,-0.01376613455083048
1.846171142369991,2.978056618389096,-0.01376613455083048
1.846671142369991,2.978056618389096,-0.01376613455083048
1.847171142369991,2.978056618389096,-0.01376613455083048
1.847671142369991,2.981727726262382,-0.01376613455083048
1.848171142369991,2.981727726262382,-0.01376613455083048
1.848671142369991,2.981727726262382,-0.01409460297004507
1.849171142369991,2.981727726262382,-0.01376613455083048
1.849671142369991,2.981727726262382,-0.01376613455083048
1.850171142369991,2.985398834135667,-0.01376613455083048
1.850671142369991,2.985398834135667,-0.01376613455083048
1.851171142369991,2.985398834135667,-0.01409460297004507
1.851671142369991,2.985398834135667,-0.01376613455083048
1.852171142369991,2.985398834135667,-0.01409460297004507
1.852671142369991,2.989069942008953,-0.01409460297004507
1.853171142369991,2.989069942008953,-0.01376613455083048
1.853671142369991,2.989069942008953,-0.01409460297004507
1.854171142369991,2.989069942008953,-0.01376613455083048
1.854671142369991,2.989069942008953,-0.01409460297004507
1.855171142369991,2.992741049882238,-0.01376613455083048
1.855671142369991,2.992741049882238,-0.01409460297004507
1.856171142369991,2.992741049882238,-0.01409460297004507
1.856671142369991,2.992741049882238,-0.01376613455083048
1.857171142369991,2.996412157755524,-0.01409460297004507
1.857671142369991,2.996412157755524,-0.01409460297004507
1.858171142369991,2.996412157755524,-0.01376613455083048
1.858671142369991,2.996412157755524,-0.01409460297004507
1.859171142369991,2.996412157755524,-0.01376613455083048
1.859671142369991,3.00008326562881,-0.01409460297004507
1.860171142369991,3.00008326562881,-0.01409460297004507
1.860671142369991,3.00008326562881,-0.01376613455083048
1.861171142369991,3.00008326562881,-0.01376613455083048
1.861671142369991,3.00008326562881,-0.01409460297004507
1.862171142369991,3.003754373502095,-0.01376613455083048
1.862671142369991,3.003754373502095,-0.01376613455083048
1.863171142369991,3.003754373502095,-0.01409460297004507
1.863671142369991,3.003754373502095,-0.01376613455083048
1.864171142369991,3.007425481375381,-0.01376613455083048
1.864671142369991,3.007425481375381,-0.01376613455083048
1.865171142369991,3.007425481375381,-0.01376613455083048
1.865671142369991,3.007425481375381,-0.01376613455083048
1.866171142369991,3.007425481375381,-0.01409460297004507
1.866671142369991,3.011096589248667,-0.01376613455083048
1.867171142369991,3.011096589248667,-0.01376613455083048
1.867671142369991,3.011096589248667,-0.01376613455083048
1.868171142369991,3.014767697121952,-0.01376613455083048
1.868671142369991,3.014767697121952,-0.01376613455083048
1.869171142369991,3.014767697121952,-0.01409460297004507
1.869671142369991,3.014767697121952,-0.01376613455083048
1.870171142369991,3.014767697121952,-0.01376613455083048
1.870671142369991,3.018438804995237,-0.01409460297004507
1.871171142369991,3.018438804995237,-0.01376613455083048
1.871671142369991,3.018438804995237,-0.01409460297004507
1.872171142369991,3.018438804995237,-0.01376613455083048
1.872671142369991,3.018438804995237,-0.01409460297004507
1.873171142369991,3.022109912868523,-0.01409460297004507
1.873671142369991,3.022109912868523,-0.01376613455083048
1.874171142369991,3.022109912868523,-0.01376613455083048
1.874671142369991,3.022109912868523,-0.01409460297004507
1.875171142369991,3.025781020741809,-0.01376613455083048
1.875671142369991,3.025781020741809,-0.01409460297004507
1.876171142369991,3.025781020741809,-0.01376613455083048
1.876671142369991,3.029452128615094,-0.01409460297004507
1.877171142369991,3.025781020741809,-0.01409460297004507
1.877671142369991,3.029452128615094,-0.01376613455083048
1.878171142369991,3.029452128615094,-0.01409460297004507
1.878671142369991,3.029452128615094,-0.01376613455083048
1.879171142369991,3.03312323648838,-0.01409460297004507
1.879671142369991,3.03312323648838,-0.01376613455083048
1.880171142369991,3.03312323648838,-0.01376613455083048
1.880671142369991,3.03312323648838,-0.01409460297004507
1.881171142369991,3.03312323648838,-0.01409460297004507
1.881671142369991,3.036794344361665,-0.01409460297004507
1.882171142369991,3.036794344361665,-0.01409460297004507
1.882671142369991,3.036794344361665,-0.01376613455083048
1.883171142369991,3.036794344361665,-0.01409460297004507
1.883671142369991,3.040465452234951,-0.01409460297004507
1.884171142369991,3.040465452234951,-0.01376613455083048
1.884671142369991,3.040465452234951,-0.01409460297004507
1.885171142369991,3.040465452234951,-0.01376613455083048
1.885671142369991,3.040465452234951,-0.01409460297004507
1.886171142369991,3.044136560108236,-0.01376613455083048
1.886671142369991,3.044136560108236,-0.01409460297004507
1.887171142369991,3.044136560108236,-0.01409460297004507
1.887671142369991,3.047807667981522,-0.01409460297004507
1.888171142369991,3.047807667981522,-0.01409460297004507
1.888671142369991,3.047807667981522,-0.01409460297004507
1.889171142369991,3.047807667981522,-0.01376613455083048
1.889671142369991,3.047807667981522,-0.01409460297004507
1.890171142369991,3.051478775854807,-0.01409460297004507
1.890671142369991,3.051478775854807,-0.01409460297004507
1.891171142369991,3.051478775854807,-0.01409460297004507
1.891671142369991,3.051478775854807,-0.01409460297004507
1.892171142369991,3.055149883728093,-0.01376613455083048
1.892671142369991,3.055149883728093,-0.01409460297004507
1.893171142369991,3.055149883728093,-0.01376613455083048
1.893671142369991,3.055149883728093,-0.01409460297004507
1.894171142369991,3.055149883728093,-0.01409460297004507
1.894671142369991,3.055149883728093,-0.01376613455083048
1.895171142369991,3.058820991601379,-0.01409460297004507
1.895671142369991,3.058820991601379,-0.01376613455083048
1.896171142369991,3.058820991601379,-0.01409460297004507
1.896671142369991,3.062492099474664,-0.01376613455083048
1.897171142369991,3.062492099474664,-0.01409460297004507
1.897671142369991,3.062492099474664,-0.01409460297004507
1.898171142369991,3.062492099474664,-0.01409460297004507
1.898671142369991,3.06616320734795,-0.01409460297004507
1.899171142369991,3.06616320734795,-0.01376613455083048
1.899671142369991,3.06616320734795,-0.01409460297004507
1.900171142369991,3.06616320734795,-0.01376613455083048
1.900671142369991,3.069834315221236,-0.01376613455083048
1.901171142369991,3.069834315221236,-0.01409460297004507
1.901671142369991,3.069834315221236,-0.01409460297004507
1.902171142369991,3.069834315221236,-0.01409460297004507
1.902671142369991,3.069834315221236,-0.01409460297004507
1.903171142369991,3.073505423094521,-0.01409460297004507
1.903671142369991,3.073505423094521,-0.01376613455083048
1.904171142369991,3.073505423094521,-0.01409460297004507
1.904671142369991,3.073505423094521,-0.01376613455083048
1.905171142369991,3.073505423094521,-0.01409460297004507
1.905671142369991,3.077176530967806,-0.01409460297004507
1.906171142369991,3.077176530967806,-0.01376613455083048
1.906671142369991,3.077176530967806,-0.01409460297004507
1.907171142369991,3.080847638841092,-0.01376613455083048
1.907671142369991,3.080847638841092,-0.01409460297004507
1.908171142369991,3.080847638841092,-0.01376613455083048
1.908671142369991,3.080847638841092,-0.01409460297004507
1.909171142369991,3.080847638841092,-0.01376613455083048
1.909671142369991,3.084518746714378,-0.01376613455083048
1.910171142369991,3.084518746714378,-0.01409460297004507
1.910671142369991,3.084518746714378,-0.01409460297004507
1.911171142369991,3.084518746714378,-0.01376613455083048
1.911671142369991,3.084518746714378,-0.01409460297004507
1.912171142369991,3.088189854587663,-0.01409460297004507
1.912671142369991,3.088189854587663,-0.01376613455083048
1.913171142369991,3.088189854587663,-0.01409460297004507
1.913671142369991,3.091860962460949,-0.01376613455083048
1.914171142369991,3.091860962460949,-0.01376613455083048
1.914671142369991,3.091860962460949,-0.01409460297004507
1.915171142369991,3.091860962460949,-0.01376613455083048
1.915671142369991,3.091860962460949,-0.01409460297004507
1.916171142369991,3.095532070334234,-0.01376613455083048
1.916671142369991,3.095532070334234,-0.01376613455083048
1.917171142369991,3.095532070334234,-0.01409460297004507
1.917671142369991,3.095532070334234,-0.01376613455083048
1.918171142369991,3.095532070334234,-0.01409460297004507
1.918671142369991,3.09920317820752,-0.01376613455083048
1.919171142369991,3.09920317820752,-0.01409460297004507
1.919671142369991,3.09920317820752,-0.01409460297004507
1.920171142369991,3.09920317820752,-0.01409460297004507
1.920671142369991,3.102874286080806,-0.01409460297004507
1.921171142369991,3.102874286080806,-0.01376613455083048
1.921671142369991,3.102874286080806,-0.01376613455083048
1.922171142369991,3.102874286080806,-0.01409460297004507
1.922671142369991,3.102874286080806,-0.01376613455083048
1.923171142369991,3.106545393954091,-0.01376613455083048
1.923671142369991,3.106545393954091,-0.01409460297004507
1.924171142369991,3.106545393954091,-0.01376613455083048
1.924671142369991,3.106545393954091,-0.01376613455083048
1.925171142369991,3.106545393954091,-0.01376613455083048
1.925671142369991,3.110216501827376,-0.01376613455083048
1.926171142369991,3.110216501827376,-0.01409460297004507
1.926671142369991,3.110216501827376,-0.01376613455083048
1.927171142369991,3.110216501827376,-0.01376613455083048
1.927671142369991,3.110216501827376,-0.01376613455083048
1.928171142369991,3.113887609700662,-0.01409460297004507
1.928671142369991,3.113887609700662,-0.01376613455083048
1.929171142369991,3.113887609700662,-0.01376613455083048
1.929671142369991,3.113887609700662,-0.01409460297004507
1.930171142369991,3.113887609700662,-0.01409460297004507
1.930671142369991,3.117558717573948,-0.01376613455083048
1.931171142369991,3.117558717573948,-0.01376613455083048
1.931671142369991,3.117558717573948,-0.01376613455083048
1.932171142369991,3.117558717573948,-0.01376613455083048
1.932671142369991,3.121229825447233,-0.01376613455083048
1.933171142369991,3.121229825447233,-0.01409460297004507
1.933671142369991,3.121229825447233,-0.01376613455083048
1.934171142369991,3.121229825447233,-0.01376613455083048
1.934671142369991,3.121229825447233,-0.01376613455083048
1.935171142369991,3.124900933320519,-0.01376613455083048
1.935671142369991,3.124900933320519,-0.01376613455083048
1.936171142369991,3.124900933320519,-0.01376613455083048
1.936671142369991,3.124900933320519,-0.01409460297004507
1.937171142369991,3.128572041193804,-0.01376613455083048
1.937671142369991,3.128572041193804,-0.01409460297004507
1.938171142369991,3.128572041193804,-0.01376613455083048
1.938671142369991,3.128572041193804,-0.01376613455083048
1.939171142369991,3.128572041193804,-0.01376613455083048
1.939671142369991,3.13224314906709,-0.01376613455083048
1.940171142369991,3.13224314906709,-0.01376613455083048
1.940671142369991,3.13224314906709,-0.01376613455083048
1.941171142369991,3.13224314906709,-0.01376613455083048
1.941671142369991,3.13224314906709,-0.01376613455083048
1.942171142369991,3.135914256940375,-0.01376613455083048
1.942671142369991,3.135914256940375,-0.01376613455083048
1.943171142369991,3.135914256940375,-0.01376613455083048
1.943671142369991,3.135914256940375,-0.01376613455083048
1.944171142369991,3.135914256940375,-0.01376613455083048
1.944671142369991,3.135914256940375,-0.01376613455083048
1.945171142369991,3.139585364813661,-0.01376613455083048
1.945671142369991,3.139585364813661,-0.01376613455083048
1.946171142369991,3.139585364813661,-0.01409460297004507
1.946671142369991,3.139585364813661,-0.01376613455083048
1.947171142369991,3.139585364813661,-0.01376613455083048
1.947671142369991,3.143256472686947,-0.01376613455083048
1.948171142369991,3.143256472686947,-0.01409460297004507
1.948671142369991,3.143256472686947,-0.01409460297004507
1.949171142369991,3.143256472686947,-0.01376613455083048
1.949671142369991,3.143256472686947,-0.01409460297004507
1.950171142369991,3.146927580560232,-0.01409460297004507
1.950671142369991,3.146927580560232,-0.01376613455083048
1.951171142369991,3.146927580560232,-0.01409460297004507
1.951671142369991,3.146927580560232,-0.01409460297004507
1.952171142369991,3.146927580560232,-0.01376613455083048
1.952671142369991,3.150598688433518,-0.01409460297004507
1.953171142369991,3.150598688433518,-0.01409460297004507
1.953671142369991,3.150598688433518,-0.01376613455083048
1.954171142369991,3.150598688433518,-0.01409460297004507
1.954671142369991,3.154269796306803,-0.01376613455083048
1.955171142369991,3.154269796306803,-0.01409460297004507
1.955671142369991,3.154269796306803,-0.01376613455083048
1.956171142369991,3.154269796306803,-0.01409460297004507
1.956671142369991,3.157940904180089,-0.01376613455083048
1.957171142369991,3.157940904180089,-0.01376613455083048
1.957671142369991,3.157940904180089,-0.01409460297004507
1.958171142369991,3.157940904180089,-0.01376613455083048
1.958671142369991,3.157940904180089,-0.01409460297004507
1.959171142369991,3.161612012053375,-0.01409460297004507
1.959671142369991,3.161612012053375,-0.01409460297004507
1.960171142369991,3.161612012053375,-0.01409460297004507
1.960671142369991,3.161612012053375,-0.01409460297004507
1.961171142369991,3.161612012053375,-0.01376613455083048
1.961671142369991,3.16528311992666,-0.01409460297004507
1.962171142369991,3.16528311992666,-0.01409460297004507
1.962671142369991,3.16528311992666,-0.01376613455083048
1.963171142369991,3.16528311992666,-0.01409460297004507
1.963671142369991,3.168954227799945,-0.01376613455083048
1.964171142369991,3.16528311992666,-0.01376613455083048
1.964671142369991,3.168954227799945,-0.01409460297004507
1.965171142369991,3.168954227799945,-0.01409460297004507
1.965671142369991,3.172625335673231,-0.01376613455083048
1.966171142369991,3.172625335673231,-0.01409460297004507
1.966671142369991,3.172625335673231,-0.01376613455083048
1.967171142369991,3.172625335673231,-0.01409460297004507
1.967671142369991,3.172625335673231,-0.01409460297004507
1.968171142369991,3.176296443546517,-0.01376613455083048
1.968671142369991,3.176296443546517,-0.01409460297004507
1.969171142369991,3.176296443546517,-0.01376613455083048
1.969671142369991,3.176296443546517,-0.01409460297004507
1.970171142369991,3.179967551419802,-0.01376613455083048
1.970671142369991,3.179967551419802,-0.01409460297004507
1.971171142369991,3.179967551419802,-0.01409460297004507
1.971671142369991,3.179967551419802,-0.01376613455083048
1.972171142369991,3.179967551419802,-0.01409460297004507
1.972671142369991,3.179967551419802,-0.01409460297004507
1.973171142369991,3.183638659293088,-0.01376613455083048
1.973671142369991,3.183638659293088,-0.01409460297004507
1.974171142369991,3.183638659293088,-0.01409460297004507
1.974671142369991,3.183638659293088,-0.01376613455083048
1.975171142369991,3.187309767166373,-0.01409460297004507
1.975671142369991,3.187309767166373,-0.01376613455083048
1.976171142369991,3.187309767166373,-0.01409460297004507
1.976671142369991,3.187309767166373,-0.01376613455083048
1.977171142369991,3.187309767166373,-0.01409460297004507
1.977671142369991,3.190980875039659,-0.01376613455083048
1.978171142369991,3.190980875039659,-0.01409460297004507
1.978671142369991,3.194651982912945,-0.01376613455083048
1.979171142369991,3.194651982912945,-0.01376613455083048
1.979671142369991,3.194651982912945,-0.01409460297004507
1.980171142369991,3.194651982912945,-0.01376613455083048
1.980671142369991,3.194651982912945,-0.01376613455083048
1.981171142369991,3.194651982912945,-0.01409460297004507
1.981671142369991,3.19832309078623,-0.01376613455083048
1.982171142369991,3.19832309078623,-0.01376613455083048
1.982671142369991,3.19832309078623,-0.01409460297004507
1.983171142369991,3.201994198659516,-0.01376613455083048
1.983671142369991,3.201994198659516,-0.01376613455083048
1.984171142369991,3.201994198659516,-0.01376613455083048
1.984671142369991,3.201994198659516,-0.01409460297004507
1.985171142369991,3.205665306532801,-0.01376613455083048
1.985671142369991,3.201994198659516,-0.01376613455083048
1.986171142369991,3.205665306532801,-0.01376613455083048
1.986671142369991,3.205665306532801,-0.01376613455083048
1.987171142369991,3.205665306532801,-0.01376613455083048
1.987671142369991,3.205665306532801,-0.01409460297004507
1.988171142369991,3.205665306532801,-0.01376613455083048
1.988671142369991,3.209336414406087,-0.01376613455083048
1.989171142369991,3.209336414406087,-0.01409460297004507
1.989671142369991,3.209336414406087,-0.01376613455083048
1.990171142369991,3.209336414406087,-0.01409460297004507
1.990671142369991,3.213007522279372,-0.01376613455083048
1.991171142369991,3.213007522279372,-0.01409460297004507
1.991671142369991,3.213007522279372,-0.01376613455083048
1.992171142369991,3.216678630152658,-0.01409460297004507
1.992671142369991,3.216678630152658,-0.01376613455083048
1.993171142369991,3.216678630152658,-0.01376613455083048
1.993671142369991,3.216678630152658,-0.01376613455083048
1.994171142369991,3.216678630152658,-0.01376613455083048
1.994671142369991,3.220349738025944,-0.01409460297004507
1.995171142369991,3.220349738025944,-0.01409460297004507
1.995671142369991,3.220349738025944,-0.01376613455083048
1.996171142369991,3.220349738025944,-0.01409460297004507
1.996671142369991,3.224020845899229,-0.01376613455083048
1.997171142369991,3.224020845899229,-0.01409460297004507
1.997671142369991,3.224020845899229,-0.01376613455083048
1.998171142369991,3.224020845899229,-0.01376613455083048
1.998671142369991,3.224020845899229,-0.01409460297004507
1.999171142369991,3.224020845899229,-0.01376613455083048
1.999671142369991,3.227691953772514,-0.01376613455083048
2.000171142369991,3.227691953772514,-0.01409460297004507
2.000671142369991,3.227691953772514,-0.01376613455083048
2.001171142369991,3.2313630616458,-0.01409460297004507
2.001671142369991,3.2313630616458,-0.01409460297004507
2.002171142369991,3.2313630616458,-0.01376613455083048
2.002671142369991,3.2313630616458,-0.01376613455083048
2.003171142369991,3.2313630616458,-0.01376613455083048
2.003671142369991,3.235034169519086,-0.01376613455083048
2.004171142369991,3.235034169519086,-0.01409460297004507
2.004671142369991,3.235034169519086,-0.01376613455083048
2.005171142369991,3.235034169519086,-0.01376613455083048
2.005671142369991,3.235034169519086,-0.01409460297004507
2.006171142369991,3.235034169519086,-0.01376613455083048
2.006671142369991,3.238705277392371,-0.01409460297004507
2.007171142369991,3.238705277392371,-0.01376613455083048
2.007671142369991,3.238705277392371,-0.01376613455083048
2.008171142369991,3.242376385265657,-0.01376613455083048
2.008671142369991,3.242376385265657,-0.01376613455083048
2.009171142369991,3.242376385265657,-0.01409460297004507
2.009671142369991,3.242376385265657,-0.01409460297004507
2.010171142369991,3.242376385265657,-0.01376613455083048
2.010671142369991,3.246047493138942,-0.01376613455083048
2.011171142369991,3.246047493138942,-0.01409460297004507
2.011671142369991,3.246047493138942,-0.01376613455083048
2.012171142369991,3.246047493138942,-0.01409460297004507
2.012671142369991,3.246047493138942,-0.01376613455083048
2.013171142369991,3.249718601012228,-0.01409460297004507
2.013671142369991,3.249718601012228,-0.01409460297004507
2.014171142369991,3.249718601012228,-0.01376613455083048
2.014671142369991,3.249718601012228,-0.01409460297004507
2.015171142369991,3.253389708885514,-0.01409460297004507
2.015671142369991,3.253389708885514,-0.01376613455083048
2.016171142369991,3.253389708885514,-0.01409460297004507
2.016671142369991,3.253389708885514,-0.01409460297004507
2.017171142369991,3.257060816758799,-0.01376613455083048
2.017671142369991,3.257060816758799,-0.01409460297004507
2.018171142369991,3.257060816758799,-0.01376613455083048
2.018671142369991,3.257060816758799,-0.01376613455083048
2.019171142369991,3.257060816758799,-0.01409460297004507
2.019671142369991,3.260731924632084,-0.01376613455083048
2.020171142369991,3.260731924632084,-0.01409460297004507
2.020671142369991,3.260731924632084,-0.01376613455083048
2.021171142369991,3.260731924632084,-0.01376613455083048
2.021671142369991,3.26440303250537,-0.01376613455083048
2.022171142369991,3.26440303250537,-0.01376613455083048
2.022671142369991,3.26440303250537,-0.01376613455083048
2.023171142369991,3.26440303250537,-0.01376613455083048
2.023671142369991,3.26440303250537,-0.01376613455083048
2.024171142369991,3.268074140378656,-0.01409460297004507
2.024671142369991,3.268074140378656,-0.01376613455083048
2.025171142369991,3.268074140378656,-0.01409460297004507
2.025671142369991,3.268074140378656,-0.01409460297004507
2.026171142369991,3.268074140378656,-0.01376613455083048
2.026671142369991,3.271745248251941,-0.01409460297004507
2.027171142369991,3.271745248251941,-0.01376613455083048
2.027671142369991,3.271745248251941,-0.01376613455083048
2.028171142369991,3.271745248251941,-0.01409460297004507
2.028671142369991,3.275416356125227,-0.01376613455083048
2.029171142369991,3.275416356125227,-0.01409460297004507
2.029671142369991,3.275416356125227,-0.01376613455083048
2.030171142369991,3.275416356125227,-0.01376613455083048
2.030671142369991,3.275416356125227,-0.01409460297004507
2.031171142369991,3.279087463998513,-0.01409460297004507
2.031671142369991,3.279087463998513,-0.01376613455083048
2.032171142369991,3.279087463998513,-0.01409460297004507
2.032671142369991,3.279087463998513,-0.01409460297004507
2.033171142369991,3.279087463998513,-0.01409460297004507
2.033671142369991,3.275416356125227,-0.01409460297004507
2.034171142369991,3.271745248251941,-0.01409460297004507
2.034671142369991,3.271745248251941,-0.01409460297004507
2.035171142369991,3.271745248251941,-0.01409460297004507
2.035671142369991,3.271745248251941,-0.01409460297004507
2.036171142369991,3.271745248251941,-0.01376613455083048
2.036671142369991,3.271745248251941,-0.01409460297004507
2.037171142369991,3.271745248251941,-0.01409460297004507
2.037671142369991,3.271745248251941,-0.01376613455083048
2.038171142369991,3.271745248251941,-0.01409460297004507
2.038671142369991,3.271745248251941,-0.01409460297004507
2.039171142369991,3.271745248251941,-0.01376613455083048
2.039671142369991,3.271745248251941,-0.01409460297004507
2.040171142369991,3.271745248251941,-0.01409460297004507
2.040671142369991,3.271745248251941,-0.01376613455083048
2.041171142369991,3.271745248251941,-0.01409460297004507
2.041671142369991,3.271745248251941,-0.01409460297004507
2.042171142369991,3.271745248251941,-0.01376613455083048
2.042671142369991,3.271745248251941,-0.01409460297004507
2.043171142369991,3.271745248251941,-0.01409460297004507
2.043671142369991,3.271745248251941,-0.01376613455083048
2.044171142369991,3.271745248251941,-0.01409460297004507
2.044671142369991,3.271745248251941,-0.01376613455083048
2.045171142369991,3.271745248251941,-0.01409460297004507
2.045671142369991,3.271745248251941,-0.01376613455083048
2.046171142369991,3.271745248251941,-0.01409460297004507
2.046671142369991,3.271745248251941,-0.01409460297004507
2.047171142369991,3.271745248251941,-0.01376613455083048
2.047671142369991,3.271745248251941,-0.01409460297004507
2.048171142369991,1.043382769167604,1.841423497173137
2.048671142369991,0.02281478039421765,2.690514360842836
2.049171142369991,0.02281478039421765,2.690514360842836
2.049671142369991,0.02281478039421765,2.690514360842836
2.050171142369991,0.02281478039421765,2.690514360842836
2.050671142369991,0.02281478039421765,2.690514360842836
2.051171142369991,0.02281478039421765,2.690514360842836
2.051671142369991,0.02281478039421765,2.690514360842836
2.052171142369991,0.02281478039421765,2.690514360842836
2.052671142369991,0.02281478039421765,2.690514360842836
2.053171142369991,0.02281478039421765,2.690514360842836
2.053671142369991,0.02281478039421765,2.690514360842836
2.054171142369991,0.02281478039421765,2.690514360842836
2.054671142369991,0.02281478039421765,2.690514360842836
2.055171142369991,0.02281478039421765,2.690514360842836
2.055671142369991,0.02281478039421765,2.690514360842836
2.056171142369991,0.02281478039421765,2.690514360842836
2.056671142369991,0.02281478039421765,2.690514360842836
2.057171142369991,0.02281478039421765,2.690514360842836
2.057671142369991,0.02281478039421765,2.690514360842836
2.058171142369991,0.02281478039421765,2.690514360842836
2.058671142369991,0.02281478039421765,2.690514360842836
2.059171142369991,0.02281478039421765,2.690514360842836
2.059671142369991,0.02281478039421765,2.690514360842836
2.060171142369991,0.02281478039421765,2.690514360842836
2.060671142369991,0.02281478039421765,2.690514360842836
2.061171142369991,0.02281478039421765,2.690514360842836
2.061671142369991,0.02281478039421765,2.690514360842836
2.062171142369991,0.02281478039421765,2.690514360842836
2.062671142369991,0.02281478039421765,2.690514360842836
2.063171142369991,0.02281478039421765,2.690514360842836
2.063671142369991,0.02281478039421765,2.690514360842836
2.064171142369991,0.02281478039421765,2.690514360842836
2.064671142369991,0.02281478039421765,2.690514360842836
2.065171142369991,0.02281478039421765,2.690514360842836
2.065671142369991,0.02281478039421765,2.690514360842836
2.066171142369991,0.02281478039421765,2.690514360842836
2.066671142369991,0.02281478039421765,2.690514360842836
2.067171142369991,0.02281478039421765,2.690514360842836
2.067671142369991,0.02281478039421765,2.690514360842836
2.068171142369991,0.02281478039421765,2.690514360842836
2.068671142369991,0.02281478039421765,2.690514360842836
2.069171142369991,0.02281478039421765,2.690514360842836
2.069671142369991,0.02281478039421765,2.690514360842836
2.070171142369991,0.02281478039421765,2.690514360842836
2.070671142369991,0.02281478039421765,2.690514360842836
2.071171142369991,0.02281478039421765,2.690514360842836
2.071671142369991,0.02281478039421765,2.690514360842836
2.072171142369991,0.02281478039421765,2.690514360842836
2.072671142369991,0.02281478039421765,2.690514360842836
2.073171142369991,0.02281478039421765,2.690514360842836
2.073671142369991,0.02648588826750321,2.690514360842836
2.074171142369991,0.02648588826750321,2.690514360842836
2.074671142369991,0.02648588826750321,2.690514360842836
2.075171142369991,0.02648588826750321,2.690514360842836
2.075671142369991,0.02648588826750321,2.690514360842836
2.076171142369991,0.03015699614078877,2.690514360842836
2.076671142369991,0.03015699614078877,2.690514360842836
2.077171142369991,0.03015699614078877,2.690514360842836
2.077671142369991,0.03015699614078877,2.690514360842836
2.078171142369991,0.03382810401407434,2.690514360842836
2.078671142369991,0.03382810401407434,2.690514360842836
2.079171142369991,0.03382810401407434,2.690514360842836
2.079671142369991,0.03382810401407434,2.690514360842836
2.080171142369991,0.03749921188735991,2.690514360842836
2.080671142369991,0.03749921188735991,2.690514360842836
2.081171142369991,0.03749921188735991,2.690514360842836
2.081671142369991,0.04117031976064547,2.690514360842836
2.082171142369991,0.04117031976064547,2.690514360842836
2.082671142369991,0.04117031976064547,2.690514360842836
2.083171142369991,0.04117031976064547,2.690514360842836
2.083671142369991,0.04117031976064547,2.690514360842836
2.084171142369991,0.04117031976064547,2.690514360842836
2.084671142369991,0.04484142763393103,2.690514360842836
2.085171142369991,0.04484142763393103,2.690514360842836
2.085671142369991,0.04484142763393103,2.690514360842836
2.086171142369991,0.04484142763393103,2.690514360842836
2.086671142369991,0.04484142763393103,2.690514360842836
2.087171142369991,0.0485125355072166,2.690514360842836
2.087671142369991,0.0485125355072166,2.690514360842836
2.088171142369991,0.0485125355072166,2.690514360842836
2.088671142369991,0.0485125355072166,2.690514360842836
2.089171142369991,0.05218364338050216,2.690514360842836
2.089671142369991,0.05218364338050216,2.690514360842836
2.090171142369991,0.05218364338050216,2.690514360842836
2.090671142369991,0.05218364338050216,2.690514360842836
2.091171142369991,0.05585475125378772,2.690514360842836
2.091671142369991,0.05585475125378772,2.690514360842836
2.092171142369991,0.05585475125378772,2.690514360842836
2.092671142369991,0.05585475125378772,2.690514360842836
2.093171142369991,0.05952585912707328,2.690514360842836
2.093671142369991,0.05952585912707328,2.690514360842836
2.094171142369991,0.05952585912707328,2.690514360842836
2.094671142369991,0.05952585912707328,2.690514360842836
2.095171142369991,0.05952585912707328,2.690514360842836
2.095671142369991,0.06319696700035884,2.690514360842836
2.096171142369991,0.06319696700035884,2.690514360842836
2.096671142369991,0.06319696700035884,2.690514360842836
2.097171142369991,0.06319696700035884,2.690514360842836
2.097671142369991,0.06319696700035884,2.690514360842836
2.098171142369991,0.06319696700035884,2.690514360842836
2.098671142369991,0.06686807487364441,2.690514360842836
2.099171142369991,0.06686807487364441,2.690514360842836
2.099671142369991,0.06686807487364441,2.690514360842836
2.100171142369991,0.06686807487364441,2.690514360842836
2.100671142369991,0.06686807487364441,2.690514360842836
2.101171142369991,0.07053918274692997,2.690514360842836
2.101671142369991,0.07053918274692997,2.690514360842836
2.102171142369991,0.07053918274692997,2.690514360842836
2.102671142369991,0.07053918274692997,2.690514360842836
2.103171142369991,0.07421029062021554,2.690514360842836
2.103671142369991,0.07421029062021554,2.690514360842836
2.104171142369991,0.07421029062021554,2.690514360842836
2.104671142369991,0.07421029062021554,2.690514360842836
2.105171142369991,0.07421029062021554,2.690514360842836
2.105671142369991,0.07421029062021554,2.690514360842836
2.106171142369991,0.07788139849350111,2.690514360842836
2.106671142369991,0.07788139849350111,2.690514360842836
2.107171142369991,0.07788139849350111,2.690514360842836
2.107671142369991,0.07788139849350111,2.690514360842836
2.108171142369991,0.07788139849350111,2.690514360842836
2.108671142369991,0.08155250636678667,2.690514360842836
2.109171142369991,0.08155250636678667,2.690514360842836
2.109671142369991,0.08155250636678667,2.690514360842836
2.110171142369991,0.08155250636678667,2.690514360842836
2.110671142369991,0.08522361424007223,2.690514360842836
2.111171142369991,0.08522361424007223,2.690514360842836
2.111671142369991,0.08522361424007223,2.690514360842836
2.112171142369991,0.08522361424007223,2.690514360842836
2.112671142369991,0.08522361424007223,2.690514360842836
2.113171142369991,0.08522361424007223,2.690514360842836
2.113671142369991,0.08889472211335779,2.690514360842836
2.114171142369991,0.08889472211335779,2.690514360842836
2.114671142369991,0.08889472211335779,2.690514360842836
2.115171142369991,0.09256582998664335,2.690514360842836
2.115671142369991,0.09256582998664335,2.690514360842836
2.116171142369991,0.09256582998664335,2.690514360842836
2.116671142369991,0.09256582998664335,2.690514360842836
2.117171142369991,0.09256582998664335,2.690514360842836
2.117671142369991,0.09256582998664335,2.690514360842836
2.118171142369991,0.09623693785992891,2.690514360842836
2.118671142369991,0.09623693785992891,2.690514360842836
2.119171142369991,0.09623693785992891,2.690514360842836
2.119671142369991,0.09623693785992891,2.690514360842836
2.120171142369991,0.09990804573321449,2.690514360842836
2.120671142369991,0.09990804573321449,2.690514360842836
2.121171142369991,0.09990804573321449,2.690514360842836
2.121671142369991,0.09990804573321449,2.690514360842836
2.122171142369991,0.09990804573321449,2.690514360842836
2.122671142369991,0.1035791536065001,2.690514360842836
2.123171142369991,0.1035791536065001,2.690514360842836
2.123671142369991,0.1035791536065001,2.690514360842836
2.124171142369991,0.1035791536065001,2.690514360842836
2.124671142369991,0.1035791536065001,2.690514360842836
2.125171142369991,0.1072502614797856,2.690514360842836
2.125671142369991,0.1072502614797856,2.690514360842836
2.126171142369991,0.1072502614797856,2.690514360842836
2.126671142369991,0.1072502614797856,2.690514360842836
2.127171142369991,0.1109213693530712,2.690514360842836
2.127671142369991,0.1109213693530712,2.690514360842836
2.128171142369991,0.1109213693530712,2.690514360842836
2.128671142369991,0.1109213693530712,2.690514360842836
2.129171142369991,0.1145924772263567,2.690514360842836
2.129671142369991,0.1145924772263567,2.690514360842836
2.130171142369991,0.1145924772263567,2.690514360842836
2.130671142369991,0.1145924772263567,2.690514360842836
2.131171142369991,0.1145924772263567,2.690514360842836
2.131671142369991,0.1145924772263567,2.690514360842836
2.132171142369991,0.1182635850996423,2.690514360842836
2.132671142369991,0.1182635850996423,2.690514360842836
2.133171142369991,0.1182635850996423,2.690514360842836
2.133671142369991,0.1182635850996423,2.690514360842836
2.134171142369991,0.1219346929729279,2.690514360842836
2.134671142369991,0.1219346929729279,2.690514360842836
2.135171142369991,0.1219346929729279,2.690514360842836
2.135671142369991,0.1219346929729279,2.690514360842836
2.136171142369991,0.1256058008462134,2.690514360842836
2.136671142369991,0.1256058008462134,2.690514360842836
2.137171142369991,0.1256058008462134,2.690514360842836
2.137671142369991,0.1256058008462134,2.690514360842836
2.138171142369991,0.129276908719499,2.690514360842836
2.138671142369991,0.129276908719499,2.690514360842836
2.139171142369991,0.129276908719499,2.690514360842836
2.139671142369991,0.129276908719499,2.690514360842836
2.140171142369991,0.1329480165927845,2.690514360842836
2.140671142369991,0.1329480165927845,2.690514360842836
2.141171142369991,0.1329480165927845,2.690514360842836
2.141671142369991,0.1329480165927845,2.690514360842836
2.142171142369991,0.1329480165927845,2.690514360842836
2.142671142369991,0.1366191244660701,2.690514360842836
2.143171142369991,0.1366191244660701,2.690514360842836
2.143671142369991,0.1366191244660701,2.690514360842836
2.144171142369991,0.1366191244660701,2.690514360842836
2.144671142369991,0.1402902323393557,2.690514360842836
2.145171142369991,0.1402902323393557,2.690514360842836
2.145671142369991,0.1402902323393557,2.690514360842836
2.146171142369991,0.1402902323393557,2.690514360842836
2.146671142369991,0.1439613402126412,2.690514360842836
2.147171142369991,0.1439613402126412,2.690514360842836
2.147671142369991,0.1439613402126412,2.690514360842836
2.148171142369991,0.1439613402126412,2.690514360842836
2.148671142369991,0.1476324480859268,2.690514360842836
2.149171142369991,0.1476324480859268,2.690514360842836
2.149671142369991,0.1476324480859268,2.690514360842836
2.150171142369991,0.1476324480859268,2.690514360842836
2.150671142369991,0.1476324480859268,2.690514360842836
2.151171142369991,0.1513035559592124,2.690514360842836
2.151671142369991,0.1513035559592124,2.690514360842836
2.152171142369991,0.1513035559592124,2.690514360842836
2.152671142369991,0.1513035559592124,2.690514360842836
2.153171142369991,0.1549746638324979,2.690514360842836
2.153671142369991,0.1549746638324979,2.690514360842836
2.154171142369991,0.1549746638324979,2.690514360842836
2.154671142369991,0.1549746638324979,2.690514360842836
2.155171142369991,0.1549746638324979,2.690514360842836
2.155671142369991,0.1586457717057835,2.690514360842836
2.156171142369991,0.1586457717057835,2.690514360842836
2.156671142369991,0.1586457717057835,2.690514360842836
2.157171142369991,0.1586457717057835,2.690514360842836
2.157671142369991,0.1623168795790691,2.690514360842836
2.158171142369991,0.1623168795790691,2.690514360842836
2.158671142369991,0.1623168795790691,2.690514360842836
2.159171142369991,0.1623168795790691,2.690514360842836
2.159671142369991,0.1623168795790691,2.690514360842836
2.160171142369991,0.1623168795790691,2.690514360842836
2.160671142369991,0.1659879874523546,2.690514360842836
2.161171142369991,0.1659879874523546,2.690514360842836
2.161671142369991,0.1659879874523546,2.690514360842836
2.162171142369991,0.1696590953256402,2.690514360842836
2.162671142369991,0.1696590953256402,2.690514360842836
2.163171142369991,0.1696590953256402,2.690514360842836
2.163671142369991,0.1696590953256402,2.690514360842836
2.164171142369991,0.1696590953256402,2.690514360842836
2.164671142369991,0.1733302031989258,2.690514360842836
2.165171142369991,0.1733302031989258,2.690514360842836
2.165671142369991,0.1733302031989258,2.690514360842836
2.166171142369991,0.1733302031989258,2.690514360842836
2.166671142369991,0.1733302031989258,2.690514360842836
2.167171142369991,0.1770013110722113,2.690514360842836
2.167671142369991,0.1770013110722113,2.690514360842836
2.168171142369991,0.1770013110722113,2.690514360842836
2.168671142369991,0.1770013110722113,2.690514360842836
2.169171142369991,0.1806724189454969,2.690514360842836
2.169671142369991,0.1806724189454969,2.690514360842836
2.170171142369991,0.1806724189454969,2.690514360842836
2.170671142369991,0.1806724189454969,2.690514360842836
2.171171142369991,0.1806724189454969,2.690514360842836
2.171671142369991,0.1843435268187824,2.690514360842836
2.172171142369991,0.1843435268187824,2.690514360842836
2.172671142369991,0.1843435268187824,2.690514360842836
2.173171142369991,0.1843435268187824,2.690514360842836
2.173671142369991,0.1843435268187824,2.690514360842836
2.174171142369991,0.188014634692068,2.690514360842836
2.174671142369991,0.188014634692068,2.690514360842836
2.175171142369991,0.188014634692068,2.690514360842836
2.175671142369991,0.188014634692068,2.690514360842836
2.176171142369991,0.1916857425653536,2.690514360842836
2.176671142369991,0.1916857425653536,2.690514360842836
2.177171142369991,0.1916857425653536,2.690514360842836
2.177671142369991,0.1916857425653536,2.690514360842836
2.178171142369991,0.1916857425653536,2.690514360842836
2.178671142369991,0.1916857425653536,2.690514360842836
2.179171142369991,0.1953568504386391,2.690514360842836
2.179671142369991,0.1953568504386391,2.690514360842836
2.180171142369991,0.1953568504386391,2.690514360842836
2.180671142369991,0.1990279583119247,2.690514360842836
2.181171142369991,0.1990279583119247,2.690514360842836
2.181671142369991,0.1990279583119247,2.690514360842836
2.182171142369991,0.1990279583119247,2.690514360842836
2.182671142369991,0.1990279583119247,2.690514360842836
2.183171142369991,0.1990279583119247,2.690514360842836
2.183671142369991,0.2026990661852103,2.690514360842836
2.184171142369991,0.2026990661852103,2.690514360842836
2.184671142369991,0.2026990661852103,2.690514360842836
2.185171142369991,0.2026990661852103,2.690514360842836
2.185671142369991,0.2063701740584958,2.690514360842836
2.186171142369991,0.2063701740584958,2.690514360842836
2.186671142369991,0.2063701740584958,2.690514360842836
2.187171142369991,0.2063701740584958,2.690514360842836
2.187671142369991,0.2100412819317814,2.690514360842836
2.188171142369991,0.2100412819317814,2.690514360842836
2.188671142369991,0.2100412819317814,2.690514360842836
2.189171142369991,0.2100412819317814,2.690514360842836
2.189671142369991,0.2100412819317814,2.690514360842836
2.190171142369991,0.2100412819317814,2.690514360842836
2.190671142369991,0.213712389805067,2.690514360842836
2.191171142369991,0.213712389805067,2.690514360842836
2.191671142369991,0.213712389805067,2.690514360842836
2.192171142369991,0.2173834976783525,2.690514360842836
2.192671142369991,0.2173834976783525,2.690514360842836
2.193171142369991,0.2173834976783525,2.690514360842836
2.193671142369991,0.2173834976783525,2.690514360842836
2.194171142369991,0.2210546055516381,2.690514360842836
2.194671142369991,0.2210546055516381,2.690514360842836
2.195171142369991,0.2210546055516381,2.690514360842836
2.195671142369991,0.2247257134249236,2.690514360842836
2.196171142369991,0.2210546055516381,2.690514360842836
2.196671142369991,0.2247257134249236,2.690514360842836
2.197171142369991,0.2247257134249236,2.690514360842836
2.197671142369991,0.2247257134249236,2.690514360842836
2.198171142369991,0.2247257134249236,2.690514360842836
2.198671142369991,0.2283968212982092,2.690514360842836
2.199171142369991,0.2283968212982092,2.690514360842836
2.199671142369991,0.2283968212982092,2.690514360842836
2.200171142369991,0.2320679291714948,2.690514360842836
2.200671142369991,0.2320679291714948,2.690514360842836
2.201171142369991,0.2320679291714948,2.690514360842836
2.201671142369991,0.2320679291714948,2.690514360842836
2.202171142369991,0.2357390370447803,2.690514360842836
2.202671142369991,0.2357390370447803,2.690514360842836
2.203171142369991,0.2357390370447803,2.690514360842836
2.203671142369991,0.2357390370447803,2.690514360842836
2.204171142369991,0.2357390370447803,2.690514360842836
2.204671142369991,0.2394101449180659,2.690514360842836
2.205171142369991,0.2394101449180659,2.690514360842836
2.205671142369991,0.2394101449180659,2.690514360842836
2.206171142369991,0.2394101449180659,2.690514360842836
2.206671142369991,0.2394101449180659,2.690514360842836
2.207171142369991,0.2430812527913515,2.690514360842836
2.207671142369991,0.2430812527913515,2.690514360842836
2.208171142369991,0.2430812527913515,2.690514360842836
2.208671142369991,0.2430812527913515,2.690514360842836
2.209171142369991,0.2430812527913515,2.690514360842836
2.209671142369991,0.2430812527913515,2.690514360842836
2.210171142369991,0.246752360664637,2.690514360842836
2.210671142369991,0.246752360664637,2.690514360842836
2.211171142369991,0.2504234685379226,2.690514360842836
2.211671142369991,0.2504234685379226,2.690514360842836
2.212171142369991,0.2504234685379226,2.690514360842836
2.212671142369991,0.2504234685379226,2.690514360842836
2.213171142369991,0.2504234685379226,2.690514360842836
2.213671142369991,0.2540945764112081,2.690514360842836
2.214171142369991,0.2540945764112081,2.690514360842836
2.214671142369991,0.2540945764112081,2.690514360842836
2.215171142369991,0.2540945764112081,2.690514360842836
2.215671142369991,0.2577656842844937,2.690514360842836
2.216171142369991,0.2577656842844937,2.690514360842836
2.216671142369991,0.2577656842844937,2.690514360842836
2.217171142369991,0.2577656842844937,2.690514360842836
2.217671142369991,0.2614367921577793,2.690514360842836
2.218171142369991,0.2614367921577793,2.690514360842836
2.218671142369991,0.2614367921577793,2.690514360842836
2.219171142369991,0.2614367921577793,2.690514360842836
2.219671142369991,0.2614367921577793,2.690514360842836
2.220171142369991,0.2651079000310648,2.690514360842836
2.220671142369991,0.2651079000310648,2.690514360842836
2.221171142369991,0.2651079000310648,2.690514360842836
2.221671142369991,0.2687790079043504,2.690514360842836
2.222171142369991,0.2687790079043504,2.690514360842836
2.222671142369991,0.2687790079043504,2.690514360842836
2.223171142369991,0.2687790079043504,2.690514360842836
2.223671142369991,0.2687790079043504,2.690514360842836
2.224171142369991,0.2687790079043504,2.690514360842836
2.224671142369991,0.2687790079043504,2.690514360842836
2.225171142369991,0.2724501157776359,2.690514360842836
2.225671142369991,0.2724501157776359,2.690514360842836
2.226171142369991,0.2761212236509215,2.690514360842836
2.226671142369991,0.2761212236509215,2.690514360842836
2.227171142369991,0.2761212236509215,2.690514360842836
2.227671142369991,0.2761212236509215,2.690514360842836
2.228171142369991,0.2761212236509215,2.690514360842836
2.228671142369991,0.2797923315242071,2.690514360842836
2.229171142369991,0.2797923315242071,2.690514360842836
2.229671142369991,0.2797923315242071,2.690514360842836
2.230171142369991,0.2797923315242071,2.690514360842836
2.230671142369991,0.2797923315242071,2.690514360842836
2.231171142369991,0.2834634393974926,2.690514360842836
2.231671142369991,0.2834634393974926,2.690514360842836
2.232171142369991,0.2834634393974926,2.690514360842836
2.232671142369991,0.2871345472707782,2.690514360842836
2.233171142369991,0.2834634393974926,2.690514360842836
2.233671142369991,0.2871345472707782,2.690514360842836
2.234171142369991,0.2871345472707782,2.690514360842836
2.234671142369991,0.2871345472707782,2.690514360842836
2.235171142369991,0.2908056551440638,2.690514360842836
2.235671142369991,0.2908056551440638,2.690514360842836
2.236171142369991,0.2908056551440638,2.690514360842836
2.236671142369991,0.2908056551440638,2.690514360842836
2.237171142369991,0.2908056551440638,2.690514360842836
2.237671142369991,0.2908056551440638,2.690514360842836
2.238171142369991,0.2944767630173494,2.690514360842836
2.238671142369991,0.2944767630173494,2.690514360842836
2.239171142369991,0.2944767630173494,2.690514360842836
2.239671142369991,0.2944767630173494,2.690514360842836
2.240171142369991,0.2981478708906349,2.690514360842836
2.240671142369991,0.2981478708906349,2.690514360842836
2.241171142369991,0.2981478708906349,2.690514360842836
2.241671142369991,0.2981478708906349,2.690514360842836
2.242171142369991,0.3018189787639205,2.690514360842836
2.242671142369991,0.3018189787639205,2.690514360842836
2.243171142369991,0.3018189787639205,2.690514360842836
2.243671142369991,0.3018189787639205,2.690514360842836
2.244171142369991,0.3018189787639205,2.690514360842836
2.244671142369991,0.3054900866372061,2.690514360842836
2.245171142369991,0.3054900866372061,2.690514360842836
2.245671142369991,0.3054900866372061,2.690514360842836
2.246171142369991,0.3091611945104916,2.690514360842836
2.246671142369991,0.3091611945104916,2.690514360842836
2.247171142369991,0.3091611945104916,2.690514360842836
2.247671142369991,0.3091611945104916,2.690514360842836
2.248171142369991,0.3091611945104916,2.690514360842836
2.248671142369991,0.3091611945104916,2.690514360842836
2.249171142369991,0.3128323023837772,2.690514360842836
2.249671142369991,0.3128323023837772,2.690514360842836
2.250171142369991,0.3128323023837772,2.690514360842836
2.250671142369991,0.3128323023837772,2.690514360842836
2.251171142369991,0.3165034102570627,2.690514360842836
2.251671142369991,0.3165034102570627,2.690514360842836
2.252171142369991,0.3165034102570627,2.690514360842836
2.252671142369991,0.3165034102570627,2.690514360842836
2.253171142369991,0.3165034102570627,2.690514360842836
2.253671142369991,0.3165034102570627,2.690514360842836
2.254171142369991,0.3201745181303483,2.690514360842836
2.254671142369991,0.3201745181303483,2.690514360842836
2.255171142369991,0.3201745181303483,2.690514360842836
2.255671142369991,0.3201745181303483,2.690514360842836
2.256171142369991,0.3201745181303483,2.690514360842836
2.256671142369991,0.3238456260036339,2.690514360842836
2.257171142369991,0.3238456260036339,2.690514360842836
2.257671142369991,0.3238456260036339,2.690514360842836
2.258171142369991,0.3238456260036339,2.690514360842836
2.258671142369991,0.3275167338769194,2.690514360842836
2.259171142369991,0.3238456260036339,2.690514360842836
2.259671142369991,0.3275167338769194,2.690514360842836
2.260171142369991,0.3275167338769194,2.690514360842836
2.260671142369991,0.3275167338769194,2.690514360842836
2.261171142369991,0.3275167338769194,2.690514360842836
2.261671142369991,0.331187841750205,2.690514360842836
2.262171142369991,0.331187841750205,2.690514360842836
2.262671142369991,0.331187841750205,2.690514360842836
2.263171142369991,0.331187841750205,2.690514360842836
2.263671142369991,0.331187841750205,2.690514360842836
2.264171142369991,0.3348589496234906,2.690514360842836
2.264671142369991,0.3348589496234906,2.690514360842836
2.265171142369991,0.3348589496234906,2.690514360842836
2.265671142369991,0.3348589496234906,2.690514360842836
2.266171142369991,0.3348589496234906,2.690514360842836
2.266671142369991,0.3385300574967761,2.690514360842836
2.267171142369991,0.3385300574967761,2.690514360842836
2.267671142369991,0.3385300574967761,2.690514360842836
2.268171142369991,0.3385300574967761,2.690514360842836
2.268671142369991,0.3385300574967761,2.690514360842836
2.269171142369991,0.3385300574967761,2.690514360842836
2.269671142369991,0.3422011653700617,2.690514360842836
2.270171142369991,0.3422011653700617,2.690514360842836
2.270671142369991,0.3422011653700617,2.690514360842836
2.271171142369991,0.3422011653700617,2.690514360842836
2.271671142369991,0.3458722732433472,2.690514360842836
2.272171142369991,0.3458722732433472,2.690514360842836
2.272671142369991,0.3458722732433472,2.690514360842836
2.273171142369991,0.3495433811166328,2.690514360842836
2.273671142369991,0.3495433811166328,2.690514360842836
2.274171142369991,0.3495433811166328,2.690514360842836
2.274671142369991,0.3495433811166328,2.690514360842836
2.275171142369991,0.3495433811166328,2.690514360842836
2.275671142369991,0.3495433811166328,2.690514360842836
2.276171142369991,0.3532144889899184,2.690514360842836
2.276671142369991,0.3532144889899184,2.690514360842836
2.277171142369991,0.3532144889899184,2.690514360842836
2.277671142369991,0.3532144889899184,2.690514360842836
2.278171142369991,0.3532144889899184,2.690514360842836
2.278671142369991,0.3568855968632039,2.690514360842836
2.279171142369991,0.3568855968632039,2.690514360842836
2.279671142369991,0.3568855968632039,2.690514360842836
2.280171142369991,0.3568855968632039,2.690514360842836
2.280671142369991,0.3605567047364895,2.690514360842836
2.281171142369991,0.3605567047364895,2.690514360842836
2.281671142369991,0.3605567047364895,2.690514360842836
2.282171142369991,0.3605567047364895,2.690514360842836
2.282671142369991,0.364227812609775,2.690514360842836
2.283171142369991,0.364227812609775,2.690514360842836
2.283671142369991,0.364227812609775,2.690514360842836
2.284171142369991,0.364227812609775,2.690514360842836
2.284671142369991,0.364227812609775,2.690514360842836
2.285171142369991,0.3678989204830606,2.690514360842836
2.285671142369991,0.3678989204830606,2.690514360842836
2.286171142369991,0.3678989204830606,2.690514360842836
2.286671142369991,0.3678989204830606,2.690514360842836
2.287171142369991,0.3715700283563462,2.690514360842836
2.287671142369991,0.3715700283563462,2.690514360842836
2.288171142369991,0.3715700283563462,2.690514360842836
2.288671142369991,0.3715700283563462,2.690514360842836
2.289171142369991,0.3715700283563462,2.690514360842836
2.289671142369991,0.3752411362296317,2.690514360842836
2.290171142369991,0.3752411362296317,2.690514360842836
2.290671142369991,0.3752411362296317,2.690514360842836
2.291171142369991,0.3789122441029173,2.690514360842836
2.291671142369991,0.3789122441029173,2.690514360842836
2.292171142369991,0.3789122441029173,2.690514360842836
2.292671142369991,0.3789122441029173,2.690514360842836
2.293171142369991,0.3789122441029173,2.690514360842836
2.293671142369991,0.3825833519762029,2.690514360842836
2.294171142369991,0.3825833519762029,2.690514360842836
2.294671142369991,0.3825833519762029,2.690514360842836
2.295171142369991,0.3825833519762029,2.690514360842836
2.295671142369991,0.3825833519762029,2.690514360842836
2.296171142369991,0.3862544598494884,2.690514360842836
2.296671142369991,0.3862544598494884,2.690514360842836
2.297171142369991,0.3862544598494884,2.690514360842836
2.297671142369991,0.3862544598494884,2.690514360842836
2.298171142369991,0.389925567722774,2.690514360842836
2.298671142369991,0.389925567722774,2.690514360842836
2.299171142369991,0.389925567722774,2.690514360842836
2.299671142369991,0.389925567722774,2.690514360842836
2.300171142369991,0.389925567722774,2.690514360842836
2.300671142369991,0.3935966755960595,2.690514360842836
2.301171142369991,0.3935966755960595,2.690514360842836
2.301671142369991,0.3935966755960595,2.690514360842836
2.302171142369991,0.3972677834693451,2.690514360842836
2.302671142369991,0.3935966755960595,2.690514360842836
2.303171142369991,0.3972677834693451,2.690514360842836
2.303671142369991,0.3972677834693451,2.690514360842836
2.304171142369991,0.3972677834693451,2.690514360842836
2.304671142369991,0.3972677834693451,2.690514360842836
2.305171142369991,0.4009388913426307,2.690514360842836
2.305671142369991,0.4009388913426307,2.690514360842836
2.306171142369991,0.4009388913426307,2.690514360842836
2.306671142369991,0.4009388913426307,2.690514360842836
2.307171142369991,0.4046099992159162,2.690514360842836
2.307671142369991,0.4046099992159162,2.690514360842836
2.308171142369991,0.4046099992159162,2.690514360842836
2.308671142369991,0.4046099992159162,2.690514360842836
2.309171142369991,0.4082811070892018,2.690514360842836
2.309671142369991,0.4082811070892018,2.690514360842836
2.310171142369991,0.4082811070892018,2.690514360842836
2.310671142369991,0.4082811070892018,2.690514360842836
2.311171142369991,0.4082811070892018,2.690514360842836
2.311671142369991,0.4119522149624874,2.690514360842836
2.312171142369991,0.4119522149624874,2.690514360842836
2.312671142369991,0.4119522149624874,2.690514360842836
2.313171142369991,0.4119522149624874,2.690514360842836
2.313671142369991,0.415623322835773,2.690514360842836
2.314171142369991,0.415623322835773,2.690514360842836
2.314671142369991,0.415623322835773,2.690514360842836
2.315171142369991,0.415623322835773,2.690514360842836
2.315671142369991,0.4192944307090585,2.690514360842836
2.316171142369991,0.4192944307090585,2.690514360842836
2.316671142369991,0.4192944307090585,2.690514360842836
2.317171142369991,0.4192944307090585,2.690514360842836
2.317671142369991,0.4192944307090585,2.690514360842836
2.318171142369991,0.4229655385823441,2.690514360842836
2.318671142369991,0.4229655385823441,2.690514360842836
2.319171142369991,0.4229655385823441,2.690514360842836
2.319671142369991,0.4229655385823441,2.690514360842836
2.320171142369991,0.4229655385823441,2.690514360842836
2.320671142369991,0.4266366464556297,2.690514360842836
2.321171142369991,0.4266366464556297,2.690514360842836
2.321671142369991,0.4266366464556297,2.690514360842836
2.322171142369991,0.4266366464556297,2.690514360842836
2.322671142369991,0.4266366464556297,2.690514360842836
2.323171142369991,0.4303077543289152,2.690514360842836
2.323671142369991,0.4303077543289152,2.690514360842836
2.324171142369991,0.4303077543289152,2.690514360842836
2.324671142369991,0.4339788622022008,2.690514360842836
2.325171142369991,0.4339788622022008,2.690514360842836
2.325671142369991,0.4339788622022008,2.690514360842836
2.326171142369991,0.4339788622022008,2.690514360842836
2.326671142369991,0.4339788622022008,2.690514360842836
2.327171142369991,0.4376499700754863,2.690514360842836
2.327671142369991,0.4376499700754863,2.690514360842836
2.328171142369991,0.4376499700754863,2.690514360842836
2.328671142369991,0.4376499700754863,2.690514360842836
2.329171142369991,0.4376499700754863,2.690514360842836
2.329671142369991,0.4413210779487719,2.690514360842836
2.330171142369991,0.4413210779487719,2.690514360842836
2.330671142369991,0.4413210779487719,2.690514360842836
2.331171142369991,0.4413210779487719,2.690514360842836
2.331671142369991,0.4413210779487719,2.690514360842836
2.332171142369991,0.4449921858220575,2.690514360842836
2.332671142369991,0.4449921858220575,2.690514360842836
2.333171142369991,0.4449921858220575,2.690514360842836
2.333671142369991,0.4449921858220575,2.690514360842836
2.334171142369991,0.4449921858220575,2.690514360842836
2.334671142369991,0.448663293695343,2.690514360842836
2.335171142369991,0.448663293695343,2.690514360842836
2.335671142369991,0.448663293695343,2.690514360842836
2.336171142369991,0.448663293695343,2.690514360842836
2.336671142369991,0.4523344015686286,2.690514360842836
2.337171142369991,0.4523344015686286,2.690514360842836
2.337671142369991,0.4523344015686286,2.690514360842836
2.338171142369991,0.4560055094419141,2.690514360842836
2.338671142369991,0.4560055094419141,2.690514360842836
2.339171142369991,0.4560055094419141,2.690514360842836
2.339671142369991,0.4560055094419141,2.690514360842836
2.340171142369991,0.4560055094419141,2.690514360842836
2.340671142369991,0.4560055094419141,2.690514360842836
2.341171142369991,0.4596766173151997,2.690514360842836
2.341671142369991,0.4596766173151997,2.690514360842836
2.342171142369991,0.4596766173151997,2.690514360842836
2.342671142369991,0.4596766173151997,2.690514360842836
2.343171142369991,0.4633477251884853,2.690514360842836
2.343671142369991,0.4633477251884853,2.690514360842836
2.344171142369991,0.4633477251884853,2.690514360842836
2.344671142369991,0.4633477251884853,2.690514360842836
2.345171142369991,0.4670188330617708,2.690514360842836
2.345671142369991,0.4670188330617708,2.690514360842836
2.346171142369991,0.4670188330617708,2.690514360842836
2.346671142369991,0.4670188330617708,2.690514360842836
2.347171142369991,0.4670188330617708,2.690514360842836
2.347671142369991,0.4706899409350564,2.690514360842836
2.348171142369991,0.4706899409350564,2.690514360842836
2.348671142369991,0.4706899409350564,2.690514360842836
2.349171142369991,0.4706899409350564,2.690514360842836
2.349671142369991,0.474361048808342,2.690514360842836
2.350171142369991,0.474361048808342,2.690514360842836
2.350671142369991,0.474361048808342,2.690514360842836
2.351171142369991,0.474361048808342,2.690514360842836
2.351671142369991,0.474361048808342,2.690514360842836
2.352171142369991,0.474361048808342,2.690514360842836
2.352671142369991,0.4780321566816275,2.690514360842836
2.353171142369991,0.4780321566816275,2.690514360842836
2.353671142369991,0.4780321566816275,2.690514360842836
2.354171142369991,0.4817032645549131,2.690514360842836
2.354671142369991,0.4817032645549131,2.690514360842836
2.355171142369991,0.4817032645549131,2.690514360842836
2.355671142369991,0.4817032645549131,2.690514360842836
2.356171142369991,0.4817032645549131,2.690514360842836
2.356671142369991,0.4853743724281986,2.690514360842836
2.357171142369991,0.4853743724281986,2.690514360842836
2.357671142369991,0.4853743724281986,2.690514360842836
2.358171142369991,0.4853743724281986,2.690514360842836
2.358671142369991,0.4890454803014842,2.690514360842836
2.359171142369991,0.4890454803014842,2.690514360842836
2.359671142369991,0.4890454803014842,2.690514360842836
2.360171142369991,0.4890454803014842,2.690514360842836
2.360671142369991,0.4927165881747698,2.690514360842836
2.361171142369991,0.4927165881747698,2.690514360842836
2.361671142369991,0.4927165881747698,2.690514360842836
2.362171142369991,0.4927165881747698,2.690514360842836
2.362671142369991,0.4927165881747698,2.690514360842836
2.363171142369991,0.4963876960480553,2.690514360842836
2.363671142369991,0.4963876960480553,2.690514360842836
2.364171142369991,0.4963876960480553,2.690514360842836
2.364671142369991,0.4963876960480553,2.690514360842836
2.365171142369991,0.5000588039213409,2.690514360842836
2.365671142369991,0.5000588039213409,2.690514360842836
2.366171142369991,0.5000588039213409,2.690514360842836
2.366671142369991,0.5000588039213409,2.690514360842836
2.367171142369991,0.5037299117946265,2.690514360842836
2.367671142369991,0.5037299117946265,2.690514360842836
2.368171142369991,0.5037299117946265,2.690514360842836
2.368671142369991,0.5037299117946265,2.690514360842836
2.369171142369991,0.5037299117946265,2.690514360842836
2.369671142369991,0.5074010196679121,2.690514360842836
2.370171142369991,0.5074010196679121,2.690514360842836
2.370671142369991,0.5074010196679121,2.690514360842836
2.371171142369991,0.5074010196679121,2.690514360842836
2.371671142369991,0.5074010196679121,2.690514360842836
2.372171142369991,0.5110721275411976,2.690514360842836
2.372671142369991,0.5110721275411976,2.690514360842836
2.373171142369991,0.5110721275411976,2.690514360842836
2.373671142369991,0.5110721275411976,2.690514360842836
2.374171142369991,0.5147432354144832,2.690514360842836
2.374671142369991,0.5147432354144832,2.690514360842836
2.375171142369991,0.5147432354144832,2.690514360842836
2.375671142369991,0.5147432354144832,2.690514360842836
2.376171142369991,0.5184143432877687,2.690514360842836
2.376671142369991,0.5184143432877687,2.690514360842836
2.377171142369991,0.5184143432877687,2.690514360842836
2.377671142369991,0.5184143432877687,2.690514360842836
2.378171142369991,0.5220854511610543,2.690514360842836
2.378671142369991,0.5220854511610543,2.690514360842836
2.379171142369991,0.5220854511610543,2.690514360842836
2.379671142369991,0.5220854511610543,2.690514360842836
2.380171142369991,0.5220854511610543,2.690514360842836
2.380671142369991,0.5220854511610543,2.690514360842836
2.381171142369991,0.5257565590343398,2.690514360842836
2.381671142369991,0.5257565590343398,2.690514360842836
2.382171142369991,0.5257565590343398,2.690514360842836
2.382671142369991,0.5257565590343398,2.690514360842836
2.383171142369991,0.5294276669076254,2.690514360842836
2.383671142369991,0.5294276669076254,2.690514360842836
2.384171142369991,0.5294276669076254,2.690514360842836
2.384671142369991,0.5294276669076254,2.690514360842836
2.385171142369991,0.5294276669076254,2.690514360842836
2.385671142369991,0.5330987747809109,2.690514360842836
2.386171142369991,0.5330987747809109,2.690514360842836
2.386671142369991,0.5330987747809109,2.690514360842836
2.387171142369991,0.5330987747809109,2.690514360842836
2.387671142369991,0.5367698826541966,2.690514360842836
2.388171142369991,0.5367698826541966,2.690514360842836
2.388671142369991,0.5367698826541966,2.690514360842836
2.389171142369991,0.5367698826541966,2.690514360842836
2.389671142369991,0.5367698826541966,2.690514360842836
2.390171142369991,0.5404409905274821,2.690514360842836
2.390671142369991,0.5404409905274821,2.690514360842836
2.391171142369991,0.5404409905274821,2.690514360842836
2.391671142369991,0.5404409905274821,2.690514360842836
2.392171142369991,0.5441120984007677,2.690514360842836
2.392671142369991,0.5441120984007677,2.690514360842836
2.393171142369991,0.5441120984007677,2.690514360842836
2.393671142369991,0.5441120984007677,2.690514360842836
2.394171142369991,0.5441120984007677,2.690514360842836
2.394671142369991,0.5441120984007677,2.690514360842836
2.395171142369991,0.5477832062740532,2.690514360842836
2.395671142369991,0.5477832062740532,2.690514360842836
2.396171142369991,0.5477832062740532,2.690514360842836
2.396671142369991,0.5477832062740532,2.690514360842836
2.397171142369991,0.5477832062740532,2.690514360842836
2.397671142369991,0.5514543141473388,2.690514360842836
2.398171142369991,0.5514543141473388,2.690514360842836
2.398671142369991,0.5514543141473388,2.690514360842836
2.399171142369991,0.5514543141473388,2.690514360842836
2.399671142369991,0.5514543141473388,2.690514360842836
2.400171142369991,0.5551254220206243,2.690514360842836
2.400671142369991,0.5551254220206243,2.690514360842836
2.401171142369991,0.5551254220206243,2.690514360842836
2.401671142369991,0.5551254220206243,2.690514360842836
2.402171142369991,0.5551254220206243,2.690514360842836
2.402671142369991,0.5587965298939099,2.690514360842836
2.403171142369991,0.5587965298939099,2.690514360842836
2.403671142369991,0.5587965298939099,2.690514360842836
2.404171142369991,0.5587965298939099,2.690514360842836
2.404671142369991,0.5624676377671954,2.690514360842836
2.405171142369991,0.5624676377671954,2.690514360842836
2.405671142369991,0.5624676377671954,2.690514360842836
2.406171142369991,0.5624676377671954,2.690514360842836
2.406671142369991,0.5624676377671954,2.690514360842836
2.407171142369991,0.5624676377671954,2.690514360842836
2.407671142369991,0.5661387456404811,2.690514360842836
2.408171142369991,0.5661387456404811,2.690514360842836
2.408671142369991,0.5661387456404811,2.690514360842836
2.409171142369991,0.5661387456404811,2.690514360842836
2.409671142369991,0.5698098535137666,2.690514360842836
2.410171142369991,0.5698098535137666,2.690514360842836
2.410671142369991,0.5698098535137666,2.690514360842836
2.411171142369991,0.5698098535137666,2.690514360842836
2.411671142369991,0.5698098535137666,2.690514360842836
2.412171142369991,0.5734809613870522,2.690514360842836
2.412671142369991,0.5734809613870522,2.690514360842836
2.413171142369991,0.5734809613870522,2.690514360842836
2.413671142369991,0.5734809613870522,2.690514360842836
2.414171142369991,0.5771520692603377,2.690514360842836
2.414671142369991,0.5771520692603377,2.690514360842836
2.415171142369991,0.5771520692603377,2.690514360842836
2.415671142369991,0.5771520692603377,2.690514360842836
2.416171142369991,0.5808231771336233,2.690514360842836
2.416671142369991,0.5808231771336233,2.690514360842836
2.417171142369991,0.5808231771336233,2.690514360842836
2.417671142369991,0.5808231771336233,2.690514360842836
2.418171142369991,0.5844942850069088,2.690514360842836
2.418671142369991,0.5844942850069088,2.690514360842836
2.419171142369991,0.5844942850069088,2.690514360842836
2.419671142369991,0.5844942850069088,2.690514360842836
2.420171142369991,0.5844942850069088,2.690514360842836
2.420671142369991,0.5844942850069088,2.690514360842836
2.421171142369991,0.5881653928801944,2.690514360842836
2.421671142369991,0.5881653928801944,2.690514360842836
2.422171142369991,0.5881653928801944,2.690514360842836
2.422671142369991,0.5881653928801944,2.690514360842836
2.423171142369991,0.5881653928801944,2.690514360842836
2.423671142369991,0.59183650075348,2.690514360842836
2.424171142369991,0.59183650075348,2.690514360842836
2.424671142369991,0.59183650075348,2.690514360842836
2.425171142369991,0.59183650075348,2.690514360842836
2.425671142369991,0.5955076086267655,2.690514360842836
2.426171142369991,0.5955076086267655,2.690514360842836
2.426671142369991,0.5955076086267655,2.690514360842836
2.427171142369991,0.5955076086267655,2.690514360842836
2.427671142369991,0.5991787165000512,2.690514360842836
2.428171142369991,0.5991787165000512,2.690514360842836
2.428671142369991,0.5991787165000512,2.690514360842836
2.429171142369991,0.5991787165000512,2.690514360842836
2.429671142369991,0.5991787165000512,2.690514360842836
2.430171142369991,0.6028498243733367,2.690514360842836
2.430671142369991,0.6028498243733367,2.690514360842836
2.431171142369991,0.6028498243733367,2.690514360842836
2.431671142369991,0.6028498243733367,2.690514360842836
2.432171142369991,0.6065209322466223,2.690514360842836
2.432671142369991,0.6065209322466223,2.690514360842836
2.433171142369991,0.6065209322466223,2.690514360842836
2.433671142369991,0.6065209322466223,2.690514360842836
2.434171142369991,0.6101920401199078,2.690514360842836
2.434671142369991,0.6101920401199078,2.690514360842836
2.435171142369991,0.6101920401199078,2.690514360842836
2.435671142369991,0.6101920401199078,2.690514360842836
2.436171142369991,0.6101920401199078,2.690514360842836
2.436671142369991,0.6138631479931934,2.690514360842836
2.437171142369991,0.6138631479931934,2.690514360842836
2.437671142369991,0.6138631479931934,2.690514360842836
2.438171142369991,0.6138631479931934,2.690514360842836
2.438671142369991,0.6175342558664789,2.690514360842836
2.439171142369991,0.6175342558664789,2.690514360842836
2.439671142369991,0.6175342558664789,2.690514360842836
2.440171142369991,0.6175342558664789,2.690514360842836
2.440671142369991,0.6175342558664789,2.690514360842836
2.441171142369991,0.6212053637397645,2.690514360842836
2.441671142369991,0.6212053637397645,2.690514360842836
2.442171142369991,0.6212053637397645,2.690514360842836
2.442671142369991,0.6212053637397645,2.690514360842836
2.443171142369991,0.62487647161305,2.690514360842836
2.443671142369991,0.62487647161305,2.690514360842836
2.444171142369991,0.62487647161305,2.690514360842836
2.444671142369991,0.62487647161305,2.690514360842836
2.445171142369991,0.6285475794863357,2.690514360842836
2.445671142369991,0.6285475794863357,2.690514360842836
2.446171142369991,0.6285475794863357,2.690514360842836
2.446671142369991,0.6285475794863357,2.690514360842836
2.447171142369991,0.6285475794863357,2.690514360842836
2.447671142369991,0.6285475794863357,2.690514360842836
2.448171142369991,0.6322186873596212,2.690514360842836
2.448671142369991,0.6322186873596212,2.690514360842836
2.449171142369991,0.6322186873596212,2.690514360842836
2.449671142369991,0.6358897952329068,2.690514360842836
2.450171142369991,0.6358897952329068,2.690514360842836
2.450671142369991,0.6358897952329068,2.690514360842836
2.451171142369991,0.6358897952329068,2.690514360842836
2.451671142369991,0.6358897952329068,2.690514360842836
2.452171142369991,0.6395609031061923,2.690514360842836
2.452671142369991,0.6395609031061923,2.690514360842836
2.453171142369991,0.6395609031061923,2.690514360842836
2.453671142369991,0.6395609031061923,2.690514360842836
2.454171142369991,0.6395609031061923,2.690514360842836
2.454671142369991,0.6432320109794779,2.690514360842836
2.455171142369991,0.6432320109794779,2.690514360842836
2.455671142369991,0.6432320109794779,2.690514360842836
2.456171142369991,0.6469031188527634,2.690514360842836
2.456671142369991,0.6469031188527634,2.690514360842836
2.457171142369991,0.6469031188527634,2.690514360842836
2.457671142369991,0.6469031188527634,2.690514360842836
2.458171142369991,0.650574226726049,2.690514360842836
2.458671142369991,0.650574226726049,2.690514360842836
2.459171142369991,0.650574226726049,2.690514360842836
2.459671142369991,0.650574226726049,2.690514360842836
2.460171142369991,0.650574226726049,2.690514360842836
2.460671142369991,0.6542453345993345,2.690514360842836
2.461171142369991,0.6542453345993345,2.690514360842836
2.461671142369991,0.6542453345993345,2.690514360842836
2.462171142369991,0.6542453345993345,2.690514360842836
2.462671142369991,0.6542453345993345,2.690514360842836
2.463171142369991,0.6542453345993345,2.690514360842836
2.463671142369991,0.6579164424726202,2.690514360842836
2.464171142369991,0.6579164424726202,2.690514360842836
2.464671142369991,0.6579164424726202,2.690514360842836
2.465171142369991,0.6579164424726202,2.690514360842836
2.465671142369991,0.6615875503459057,2.690514360842836
2.466171142369991,0.6615875503459057,2.690514360842836
2.466671142369991,0.6615875503459057,2.690514360842836
2.467171142369991,0.6615875503459057,2.690514360842836
2.467671142369991,0.6652586582191913,2.690514360842836
2.468171142369991,0.6652586582191913,2.690514360842836
2.468671142369991,0.6652586582191913,2.690514360842836
2.469171142369991,0.6652586582191913,2.690514360842836
2.469671142369991,0.6652586582191913,2.690514360842836
2.470171142369991,0.6689297660924768,2.690514360842836
2.470671142369991,0.6689297660924768,2.690514360842836
2.471171142369991,0.6689297660924768,2.690514360842836
2.471671142369991,0.6689297660924768,2.690514360842836
2.472171142369991,0.6726008739657624,2.690514360842836
2.472671142369991,0.6726008739657624,2.690514360842836
2.473171142369991,0.6726008739657624,2.690514360842836
2.473671142369991,0.6726008739657624,2.690514360842836
2.474171142369991,0.6726008739657624,2.690514360842836
2.474671142369991,0.6762719818390479,2.690514360842836
2.475171142369991,0.6762719818390479,2.690514360842836
2.475671142369991,0.6762719818390479,2.690514360842836
2.476171142369991,0.6762719818390479,2.690514360842836
2.476671142369991,0.6799430897123335,2.690514360842836
2.477171142369991,0.6799430897123335,2.690514360842836
2.477671142369991,0.6799430897123335,2.690514360842836
2.478171142369991,0.6799430897123335,2.690514360842836
2.478671142369991,0.683614197585619,2.690514360842836
2.479171142369991,0.683614197585619,2.690514360842836
2.479671142369991,0.683614197585619,2.690514360842836
2.480171142369991,0.6872853054589046,2.690514360842836
2.480671142369991,0.6872853054589046,2.690514360842836
2.481171142369991,0.6872853054589046,2.690514360842836
2.481671142369991,0.6872853054589046,2.690514360842836
2.482171142369991,0.6872853054589046,2.690514360842836
2.482671142369991,0.6909564133321902,2.690514360842836
2.483171142369991,0.6909564133321902,2.690514360842836
2.483671142369991,0.6909564133321902,2.690514360842836
2.484171142369991,0.6909564133321902,2.690514360842836
2.484671142369991,0.6909564133321902,2.690514360842836
2.485171142369991,0.6946275212054758,2.690514360842836
2.485671142369991,0.6946275212054758,2.690514360842836
2.486171142369991,0.6946275212054758,2.690514360842836
2.486671142369991,0.6946275212054758,2.690514360842836
2.487171142369991,0.6982986290787613,2.690514360842836
2.487671142369991,0.6982986290787613,2.690514360842836
2.488171142369991,0.6982986290787613,2.690514360842836
2.488671142369991,0.6982986290787613,2.690514360842836
2.489171142369991,0.6982986290787613,2.690514360842836
2.489671142369991,0.6982986290787613,2.690514360842836
2.490171142369991,0.7019697369520469,2.690514360842836
2.490671142369991,0.7019697369520469,2.690514360842836
2.491171142369991,0.7019697369520469,2.690514360842836
2.491671142369991,0.7019697369520469,2.690514360842836
2.492171142369991,0.7056408448253325,2.690514360842836
2.492671142369991,0.7056408448253325,2.690514360842836
2.493171142369991,0.7056408448253325,2.690514360842836
2.493671142369991,0.7056408448253325,2.690514360842836
2.494171142369991,0.709311952698618,2.690514360842836
2.494671142369991,0.709311952698618,2.690514360842836
2.495171142369991,0.709311952698618,2.690514360842836
2.495671142369991,0.709311952698618,2.690514360842836
2.496171142369991,0.709311952698618,2.690514360842836
2.496671142369991,0.7129830605719036,2.690514360842836
2.497171142369991,0.7129830605719036,2.690514360842836
2.497671142369991,0.7129830605719036,2.690514360842836
2.498171142369991,0.7129830605719036,2.690514360842836
2.498671142369991,0.7166541684451891,2.690514360842836
2.499171142369991,0.7166541684451891,2.690514360842836
2.499671142369991,0.7166541684451891,2.690514360842836
2.500171142369991,0.7166541684451891,2.690514360842836
2.500671142369991,0.7203252763184748,2.690514360842836
2.501171142369991,0.7203252763184748,2.690514360842836
2.501671142369991,0.7203252763184748,2.690514360842836
2.502171142369991,0.7203252763184748,2.690514360842836
2.502671142369991,0.7203252763184748,2.690514360842836
2.503171142369991,0.7239963841917603,2.690514360842836
2.503671142369991,0.7239963841917603,2.690514360842836
2.504171142369991,0.7239963841917603,2.690514360842836
2.504671142369991,0.7239963841917603,2.690514360842836
2.505171142369991,0.7276674920650459,2.690514360842836
2.505671142369991,0.7276674920650459,2.690514360842836
2.506171142369991,0.7276674920650459,2.690514360842836
2.506671142369991,0.7276674920650459,2.690514360842836
2.507171142369991,0.7276674920650459,2.690514360842836
2.507671142369991,0.7313385999383314,2.690514360842836
2.508171142369991,0.7313385999383314,2.690514360842836
2.508671142369991,0.7313385999383314,2.690514360842836
2.509171142369991,0.7313385999383314,2.690514360842836
2.509671142369991,0.735009707811617,2.690514360842836
2.510171142369991,0.735009707811617,2.690514360842836
2.510671142369991,0.735009707811617,2.690514360842836
2.511171142369991,0.735009707811617,2.690514360842836
2.511671142369991,0.7386808156849025,2.690514360842836
2.512171142369991,0.7386808156849025,2.690514360842836
2.512671142369991,0.7386808156849025,2.690514360842836
2.513171142369991,0.7423519235581881,2.690514360842836
2.513671142369991,0.7423519235581881,2.690514360842836
2.514171142369991,0.7423519235581881,2.690514360842836
2.514671142369991,0.7423519235581881,2.690514360842836
2.515171142369991,0.7423519235581881,2.690514360842836
2.515671142369991,0.7423519235581881,2.690514360842836
2.516171142369991,0.7460230314314736,2.690514360842836
2.516671142369991,0.7460230314314736,2.690514360842836
2.517171142369991,0.7460230314314736,2.690514360842836
2.517671142369991,0.7460230314314736,2.690514360842836
2.518171142369991,0.7496941393047593,2.690514360842836
2.518671142369991,0.7496941393047593,2.690514360842836
2.519171142369991,0.7496941393047593,2.690514360842836
2.519671142369991,0.7496941393047593,2.690514360842836
2.520171142369991,0.7533652471780448,2.690514360842836
2.520671142369991,0.7533652471780448,2.690514360842836
2.521171142369991,0.7533652471780448,2.690514360842836
2.521671142369991,0.7533652471780448,2.690514360842836
2.522171142369991,0.7570363550513304,2.690514360842836
2.522671142369991,0.7570363550513304,2.690514360842836
2.523171142369991,0.7570363550513304,2.690514360842836
2.523671142369991,0.7570363550513304,2.690514360842836
2.524171142369991,0.7607074629246159,2.690514360842836
2.524671142369991,0.7607074629246159,2.690514360842836
2.525171142369991,0.7607074629246159,2.690514360842836
2.525671142369991,0.7607074629246159,2.690514360842836
2.526171142369991,0.7607074629246159,2.690514360842836
2.526671142369991,0.7607074629246159,2.690514360842836
2.527171142369991,0.7643785707979015,2.690514360842836
2.527671142369991,0.7643785707979015,2.690514360842836
2.528171142369991,0.7643785707979015,2.690514360842836
2.528671142369991,0.7643785707979015,2.690514360842836
2.529171142369991,0.768049678671187,2.690514360842836
2.529671142369991,0.768049678671187,2.690514360842836
2.530171142369991,0.768049678671187,2.690514360842836
2.530671142369991,0.768049678671187,2.690514360842836
2.531171142369991,0.768049678671187,2.690514360842836
2.531671142369991,0.7717207865444726,2.690514360842836
2.532171142369991,0.7717207865444726,2.690514360842836
2.532671142369991,0.7717207865444726,2.690514360842836
2.533171142369991,0.7717207865444726,2.690514360842836
2.533671142369991,0.7717207865444726,2.690514360842836
2.534171142369991,0.7753918944177581,2.690514360842836
2.534671142369991,0.7753918944177581,2.690514360842836
2.535171142369991,0.7753918944177581,2.690514360842836
2.535671142369991,0.7753918944177581,2.690514360842836
2.536171142369991,0.7753918944177581,2.690514360842836
2.536671142369991,0.7790630022910437,2.690514360842836
2.537171142369991,0.7790630022910437,2.690514360842836
2.537671142369991,0.7790630022910437,2.690514360842836
2.538171142369991,0.7790630022910437,2.690514360842836
2.538671142369991,0.7790630022910437,2.690514360842836
2.539171142369991,0.7827341101643293,2.690514360842836
2.539671142369991,0.7827341101643293,2.690514360842836
2.540171142369991,0.7827341101643293,2.690514360842836
2.540671142369991,0.7827341101643293,2.690514360842836
2.541171142369991,0.7827341101643293,2.690514360842836
2.541671142369991,0.7864052180376149,2.690514360842836
2.542171142369991,0.7864052180376149,2.690514360842836
2.542671142369991,0.7864052180376149,2.690514360842836
2.543171142369991,0.7864052180376149,2.690514360842836
2.543671142369991,0.7900763259109004,2.690514360842836
2.544171142369991,0.7864052180376149,2.690514360842836
2.544671142369991,0.7900763259109004,2.690514360842836
2.545171142369991,0.7900763259109004,2.690514360842836
2.545671142369991,0.7900763259109004,2.690514360842836
2.546171142369991,0.7900763259109004,2.690514360842836
2.546671142369991,0.793747433784186,2.690514360842836
2.547171142369991,0.793747433784186,2.690514360842836
2.547671142369991,0.793747433784186,2.690514360842836
2.548171142369991,0.793747433784186,2.690514360842836
2.548671142369991,0.793747433784186,2.690514360842836
2.549171142369991,0.7974185416574715,2.690514360842836
2.549671142369991,0.7974185416574715,2.690514360842836
2.550171142369991,0.7974185416574715,2.690514360842836
2.550671142369991,0.7974185416574715,2.690514360842836
2.551171142369991,0.7974185416574715,2.690514360842836
2.551671142369991,0.8010896495307571,2.690514360842836
2.552171142369991,0.8010896495307571,2.690514360842836
2.552671142369991,0.8010896495307571,2.690514360842836
2.553171142369991,0.8010896495307571,2.690514360842836
2.553671142369991,0.8010896495307571,2.690514360842836
2.554171142369991,0.8047607574040426,2.690514360842836
2.554671142369991,0.8047607574040426,2.690514360842836
2.555171142369991,0.8047607574040426,2.690514360842836
2.555671142369991,0.8047607574040426,2.690514360842836
2.556171142369991,0.8084318652773282,2.690514360842836
2.556671142369991,0.8084318652773282,2.690514360842836
2.557171142369991,0.8084318652773282,2.690514360842836
2.557671142369991,0.8084318652773282,2.690514360842836
2.558171142369991,0.8084318652773282,2.690514360842836
2.558671142369991,0.8121029731506137,2.690514360842836
2.559171142369991,0.8121029731506137,2.690514360842836
2.559671142369991,0.8121029731506137,2.690514360842836
